0 0 0 0 0 0 0 0         17:57:30 
0 0 0 0 0 0 0 0         17:57:30 
-1 -1 2 0 -1 -1 -1 0         17:57:30 
-1 -2 -3 -2 -2 -1 0 1         17:57:31 
-1 1 1 -3 -3 -1 2 -2         17:57:31 
0 -2 -3 1 -1 -2 0 -4         17:57:31 
-2 -1 -1 -1 -1 -3 -3 1         17:57:31 
-3 -2 0 -3 1 0 -2 -1         17:57:31 
1 0 -1 -1 -2 -1 0 1         17:57:31 
-3 0 0 0 1 -1 -2 -1         17:57:31 
-2 -1 -3 0 0 -2 -1 -2         17:57:31 
-1 -1 0 -4 -2 0 -1 -1         17:57:31 
0 -1 -2 1 1 -1 -1 1         17:57:31 
2 1 0 -1 0 1 -1 0         17:57:31 
-2 0 0 -2 0 2 1 -2         17:57:31 
-3 0 0 -2 -2 -1 2 -1         17:57:31 
-1 -2 -3 0 0 1 -2 -1         17:57:31 
0 1 0 -1 -1 -2 0 -1         17:57:31 
0 0 -1 -3 -1 -2 0 -1         17:57:31 
-3 -2 2 0 1 -1 0 -2         17:57:31 
-1 -2 -2 -4 1 -1 1 1         17:57:31 
-1 -3 0 -3 -10 -3 1 -1         17:57:32 
0 0 1 -6 5 -1 -2 -1         17:57:32 
-4 1 -2 -10 -28 -15 -5 -2         17:57:32 
-1 -1 0 1 -11 3 1 -2         17:57:32 
1 -1 0 -6 -17 0 3 -3         17:57:32 
0 -1 0 -5 -15 -2 0 -2         17:57:32 
2 -2 -1 2 2 3 0 0         17:57:32 
-1 0 1 7 -7 -2 -2 1         17:57:32 
4 1 1 -49 8 2 2 2         17:57:32 
9 -2 8 -53 -2 -2 -2 -5         17:57:32 
-7 -3 12 26 0 0 -2 -5         17:57:32 
1 1 0 25 3 -3 -2 0         17:57:32 
-3 1 -4 -2 16 -5 -3 -1         17:57:32 
1 -1 6 -9 19 10 7 -28         17:57:32 
-26 -37 -18 -18 11 5 10 -56         17:57:32 
24 23 10 5 -4 3 31 14         17:57:32 
9 -31 -17 -9 -2 7 3 14         17:57:32 
-20 -6 -2 10 3 1 1 10         17:57:33 
-7 -9 -5 -6 -3 -4 -4 -11         17:57:33 
1 5 5 7 17 6 -2 -2         17:57:33 
4 6 0 -17 3 -3 0 3         17:57:33 
0 7 11 -6 -1 4 1 -1         17:57:33 
3 2 31 9 -10 2 1 1         17:57:33 
0 -1 -12 -39 11 2 0 1         17:57:33 
-2 -6 -23 56 -12 -6 -2 -4         17:57:33 
-1 3 10 -8 -10 2 0 1         17:57:33 
-1 4 21 8 -2 1 -4 -1         17:57:33 
-4 -1 -1 7 -4 -3 -2 -1         17:57:33 
-4 -6 -11 -1 -4 3 0 -4         17:57:33 
-5 -21 -6 0 1 1 -2 -1         17:57:33 
6 18 4 -4 -1 -2 3 -10         17:57:33 
32 -59 3 30 14 7 -2 9         17:57:33 
9 62 14 12 11 2 -2 9         17:57:33 
-51 40 -3 -12 4 3 4 -12         17:57:33 
8 9 13 6 -3 -2 -3 24         17:57:33 
1 -1 10 9 -6 0 -2 -1         17:57:34 
-5 -6 -7 -1 19 5 -3 -2         17:57:34 
-1 8 8 -18 -62 -20 -1 -3         17:57:34 
5 4 17 114 88 19 6 2         17:57:34 
-2 -3 8 20 -45 -3 -3 -3         17:57:34 
1 -2 -1 -57 -29 0 3 -1         17:57:34 
3 0 4 48 16 7 4 3         17:57:34 
0 -5 6 5 4 -1 1 1         17:57:34 
7 -36 83 18 21 15 4 -2         17:57:34 
1 -4 -70 -11 -4 -6 0 -34         17:57:34 
-3 79 28 -1 -7 -6 -16 1         17:57:34 
1 40 -2 5 1 -2 1 15         17:57:34 
-7 -23 -5 -6 -3 -1 1 -8         17:57:34 
27 55 -1 1 69 24 6 2         17:57:34 
-20 -60 -11 -29 15 -1 -2 -18         17:57:34 
-3 -8 5 -5 -77 -26 -6 -1         17:57:34 
-4 5 -3 -51 -3 -12 -1 -2         17:57:34 
-3 -11 -43 -70 2 12 -4 -4         17:57:35 
2 -1 4 -24 0 4 1 -2         17:57:35 
0 -3 -2 21 15 2 -2 -3         17:57:35 
-13 -7 -10 -31 -2 -2 0 -4         17:57:35 
-4 -4 -21 -22 -8 -5 -2 -3         17:57:35 
-6 -9 -2 -8 -1 -2 -4 0         17:57:35 
1 -4 12 8 7 1 -2 12         17:57:35 
-14 -5 -10 0 1 -4 -2 8         17:57:35 
-1 22 -12 -22 -6 -1 0 8         17:57:35 
0 -10 11 -2 -4 1 4 13         17:57:35 
0 -1 10 5 0 -5 -5 -1         17:57:35 
3 1 10 4 -1 0 0 -1         17:57:35 
2 -1 0 15 -2 -4 -2 2         17:57:35 
2 3 5 -9 -6 0 -1 0         17:57:35 
4 1 2 4 0 0 -2 0         17:57:35 
2 0 -2 -2 -3 -1 -1 1         17:57:35 
1 0 -8 -7 -1 0 -2 0         17:57:35 
-1 -1 0 8 1 0 -2 -2         17:57:35 
1 -2 -4 -8 -1 -2 -1 -2         17:57:36 
-2 1 -2 0 0 -1 1 -1         17:57:36 
-1 -2 0 0 -1 -1 -2 -2         17:57:36 
-1 -2 -2 -2 -2 0 0 1         17:57:36 
-3 1 1 -2 0 2 -3 2         17:57:36 
-2 -3 -1 -2 -1 0 -2 -4         17:57:36 
1 0 1 -2 -1 1 -1 0         17:57:36 
-5 -2 -1 -1 -3 0 -2 -3         17:57:36 
-3 -1 -1 -3 -1 -2 -2 -2         17:57:36 
-1 0 -1 -2 -1 0 -1 -1         17:57:36 
-3 -2 -1 0 0 -1 1 0         17:57:36 
-2 0 -1 -4 -2 -1 -1 -2         17:57:36 
-2 -1 -1 -4 -1 -4 -2 -2         17:57:36 
0 -2 0 -1 -2 0 -3 -1         17:57:36 
-3 -1 4 2 0 -1 -1 1         17:57:36 
-4 -3 -1 0 -2 0 -1 -1         17:57:36 
-2 -3 0 -1 -2 -1 0 -2         17:57:37 
-2 -1 -4 -2 0 0 -1 -2         17:57:37 
-2 -1 -3 -3 1 -1 3 -2         17:57:37 
0 -1 1 2 1 -1 0 0         17:57:37 
-1 -3 -2 -1 0 -2 -2 0         17:57:37 
0 -3 -4 0 -1 -3 -1 0         17:57:37 
-1 0 -4 -1 -3 0 -1 1         17:57:37 
0 -1 -2 0 -2 -2 -2 -1         17:57:37 
0 -1 2 1 1 0 1 0         17:57:37 
-3 -2 -3 -1 -1 0 0 -1         17:57:37 
0 1 1 0 -1 -1 0 -3         17:57:37 
-2 -2 0 2 -1 -2 0 -1         17:57:37 
1 -2 -1 -2 -1 -1 -2 1         17:57:37 
0 -1 -1 0 -2 -2 0 2         17:57:37 
1 -1 4 2 1 -1 0 1         17:57:37 
-2 2 1 -2 -3 -1 -2 -2         17:57:37 
0 -1 -3 -2 -2 -3 2 0         17:57:37 
-3 0 -1 -4 -3 -1 -1 -1         17:57:38 
-1 -1 0 -1 -2 0 -2 0         17:57:38 
1 -1 0 -4 0 0 0 0         17:57:38 
-1 -1 -4 -3 0 -1 -1 -1         17:57:38 
-1 -1 2 0 1 -1 0 0         17:57:38 
-2 -1 1 -2 -1 -3 -2 -3         17:57:38 
-3 -1 0 -5 -1 -1 -1 -3         17:57:38 
-1 0 -2 -1 0 0 1 0         17:57:38 
0 -2 -2 1 -1 2 -1 -1         17:57:38 
0 0 -2 0 -2 -3 -2 0         17:57:38 
-1 -1 1 -1 -2 -1 1 -2         17:57:38 
-3 -3 -3 -2 -3 -1 -1 -2         17:57:38 
-1 -1 0 2 1 1 1 -1         17:57:38 
-1 0 -2 -1 -3 -2 1 -2         17:57:38 
-2 -1 -3 -1 -1 0 1 1         17:57:38 
-1 -2 1 0 0 1 -2 0         17:57:38 
0 -1 1 -1 -1 -2 -2 -1         17:57:38 
-3 0 0 -2 -1 -2 -2 -2         17:57:39 
0 -2 0 0 -3 -4 2 -1         17:57:39 
-3 -1 -3 -1 -1 -1 -2 -2         17:57:39 
0 0 -5 -2 -1 1 -1 1         17:57:39 
-3 -3 -6 -3 -1 -1 0 -2         17:57:39 
-2 -2 -2 -2 1 -2 0 -1         17:57:39 
1 0 1 -2 -2 -1 -2 1         17:57:39 
-2 -1 -1 -1 -1 0 1 -1         17:57:39 
-3 1 -3 -1 -2 -2 -1 -1         17:57:39 
1 -1 -1 -1 0 -1 0 0         17:57:39 
-1 0 1 1 0 -1 -2 0         17:57:39 
-1 0 0 -1 -1 -1 -3 -1         17:57:39 
-3 -2 6 -4 0 -3 0 0         17:57:39 
-2 -4 0 -2 -2 1 0 0         17:57:39 
-3 0 -1 0 -1 -1 -1 -2         17:57:39 
-2 -1 -1 0 0 -3 -1 1         17:57:39 
-2 0 -2 -2 -1 1 0 -1         17:57:39 
-1 -3 -1 -3 0 -2 -2 -2         17:57:39 
-2 0 2 3 -1 -3 -2 -2         17:57:40 
1 1 -3 0 0 0 -1 1         17:57:40 
-3 0 0 0 1 -3 -4 2         17:57:40 
2 1 1 0 1 0 0 -3         17:57:40 
-1 -2 2 -2 3 1 -1 -2         17:57:40 
1 1 -6 -3 -1 -2 -3 -1         17:57:40 
-3 1 1 0 -1 -3 0 0         17:57:40 
-2 0 1 3 -1 -1 0 -2         17:57:40 
-2 0 -3 -2 -2 -1 -3 -1         17:57:40 
1 0 0 -2 0 -1 -3 2         17:57:40 
-2 -2 1 2 -2 -2 3 -2         17:57:40 
-2 -2 -2 0 -3 -3 -2 0         17:57:40 
-1 0 0 -2 0 -2 -1 -1         17:57:40 
0 0 8 2 0 1 -1 -1         17:57:40 
-4 0 -3 0 1 -1 -1 0         17:57:40 
0 -1 -4 -3 -2 -1 2 -3         17:57:40 
0 0 -4 0 1 0 -4 -2         17:57:40 
0 -2 1 2 -1 -1 1 -2         17:57:40 
-2 -1 -3 -2 -2 -1 1 -2         17:57:41 
-1 -2 -2 -3 -1 -1 -2 0         17:57:41 
-2 0 -2 0 1 0 -3 -5         17:57:41 
0 -1 -2 -3 -1 -1 -1 1         17:57:41 
-2 -1 -1 0 -2 0 -2 2         17:57:41 
0 -1 -2 1 -1 -1 -2 -3         17:57:41 
-1 0 0 0 -1 1 -1 -2         17:57:41 
-1 -2 -1 -1 -3 -1 0 -1         17:57:41 
1 -2 -2 -1 -3 -1 -1 -2         17:57:41 
0 1 -1 -1 -1 -1 -1 -3         17:57:41 
0 -3 -2 -2 0 1 -1 -1         17:57:41 
-1 0 -2 -2 -2 -1 -3 -2         17:57:41 
0 -3 -1 0 -1 0 -3 -3         17:57:41 
-2 -2 1 -1 -2 -2 -1 -3         17:57:41 
-2 -1 -1 -2 0 -1 0 2         17:57:41 
0 -2 -2 -2 -2 -1 0 -1         17:57:41 
-4 -2 -1 0 -2 -2 -1 -2         17:57:41 
0 -2 0 0 -3 -1 -2 0         17:57:42 
0 0 -1 0 0 0 2 -3         17:57:42 
0 -3 0 -1 -3 0 -3 -1         17:57:42 
-1 0 0 -2 0 -1 0 -1         17:57:42 
0 -2 -3 -1 -1 0 -1 0         17:57:42 
-1 0 3 1 -1 0 -2 1         17:57:42 
-2 0 0 -2 0 -3 -1 -2         17:57:42 
0 -3 -1 -2 -1 -2 -3 0         17:57:42 
0 0 -4 1 -1 -1 -1 -3         17:57:42 
1 -1 -2 -2 0 -2 1 -3         17:57:42 
-5 -1 -3 0 -1 2 -2 -3         17:57:42 
-1 -1 -3 0 -3 1 -1 -1         17:57:42 
-1 -2 0 -2 0 -2 1 0         17:57:42 
0 -2 -3 0 0 -2 -3 -1         17:57:42 
-2 -2 0 -2 -2 -2 -1 -3         17:57:42 
-1 -1 -1 0 1 -2 0 0         17:57:42 
1 0 2 -1 -2 0 -2 -1         17:57:42 
-2 0 0 1 -1 -2 -3 1         17:57:42 
-1 -1 0 -1 -2 -1 0 -1         17:57:43 
0 -3 -1 0 -2 -1 -3 0         17:57:43 
-1 -2 -1 -1 1 -1 2 -1         17:57:43 
1 1 1 -1 -3 0 -2 1         17:57:43 
-3 -1 -3 -1 0 -3 -3 -1         17:57:43 
-2 0 0 -1 0 0 -4 -1         17:57:43 
1 -1 -1 3 0 0 -1 1         17:57:43 
-1 1 -2 -1 1 -2 -3 -1         17:57:43 
-1 2 15 33 51 14 1 0         17:57:43 
-3 -2 3 16 33 7 -3 -2         17:57:43 
2 4 -17 -52 13 8 5 1         17:57:43 
-1 -6 -24 -108 -74 0 -1 -2         17:57:43 
-2 -5 -21 63 104 23 4 1         17:57:43 
17 13 26 -46 9 1 2 2         17:57:43 
3 8 0 57 -5 -7 6 2         17:57:43 
8 8 -61 -32 -11 0 -4 -36         17:57:43 
11 -24 -28 -12 -4 -2 -1 17         17:57:43 
20 -48 -26 -13 -6 -5 -2 -1         17:57:43 
2 -65 -2 5 2 5 11 -24         17:57:44 
-33 1 -5 -5 2 3 8 -29         17:57:44 
9 -26 -23 -15 -12 -3 2 2         17:57:44 
43 21 0 16 6 -4 -8 -14         17:57:44 
-17 15 -7 -16 -2 -1 -1 -16         17:57:44 
8 19 19 8 2 -3 -4 -26         17:57:44 
-3 8 9 -8 -3 0 1 13         17:57:44 
-4 -2 6 1 -10 -3 6 -17         17:57:44 
1 2 16 -49 8 5 3 1         17:57:44 
3 -2 7 -43 11 2 1 -3         17:57:44 
-2 -6 -14 -21 -34 -16 -3 -3         17:57:44 
2 0 8 -25 58 10 1 1         17:57:44 
2 -1 3 -12 7 2 1 -1         17:57:44 
18 -3 1 -13 13 6 6 34         17:57:44 
-2 -4 -11 25 11 -2 -7 -10         17:57:44 
-4 -3 13 34 3 3 6 2         17:57:44 
-28 3 -1 61 3 -1 5 -12         17:57:44 
13 0 -2 -15 -2 0 6 7         17:57:44 
23 -3 -4 -11 -3 -4 -9 2         17:57:44 
25 0 -10 -9 -3 -7 -7 14         17:57:45 
-38 -8 -9 -12 -1 -2 -6 -5         17:57:45 
18 0 -7 -2 -3 3 6 -6         17:57:45 
4 3 -15 -6 1 -4 -11 19         17:57:45 
-7 -10 -26 -6 2 0 3 -12         17:57:45 
-12 -16 0 1 -4 1 2 14         17:57:45 
19 5 8 68 5 1 2 3         17:57:45 
-4 -3 -9 10 4 -2 1 -2         17:57:45 
0 -1 -1 40 -1 -1 0 -1         17:57:45 
-2 0 -12 -89 -12 -2 -2 0         17:57:45 
-2 -6 -8 -17 -29 -5 -3 -1         17:57:45 
-1 0 0 62 23 7 0 -1         17:57:45 
-3 3 8 16 -8 -1 -3 -3         17:57:45 
6 5 1 -128 -54 -2 2 2         17:57:45 
-1 -4 5 64 22 1 1 -1         17:57:45 
2 0 -7 0 10 3 2 -1         17:57:45 
3 -6 -22 1 -2 0 0 2         17:57:45 
1 -2 3 -3 -9 -2 -6 -4         17:57:46 
18 10 -13 1 4 -2 7 25         17:57:46 
-36 -5 -17 -4 1 3 8 0         17:57:46 
-10 -19 4 3 3 0 -1 15         17:57:46 
5 0 1 -6 -2 -3 4 -1         17:57:46 
9 -13 -2 4 -2 -2 0 -1         17:57:46 
2 -1 -1 7 -4 7 2 0         17:57:46 
0 2 5 1 -4 -4 2 -1         17:57:46 
-1 -1 3 -4 5 1 -2 -2         17:57:46 
-1 -3 -3 -18 -19 -2 0 0         17:57:46 
-3 2 2 83 33 4 3 -1         17:57:46 
3 1 11 -24 -13 10 4 2         17:57:46 
0 -2 -12 -41 15 14 3 -2         17:57:46 
-2 -4 -16 -12 -48 0 0 0         17:57:46 
2 -1 2 66 0 -2 2 0         17:57:46 
1 2 9 56 22 10 2 2         17:57:46 
-1 3 27 33 2 -2 -2 -1         17:57:46 
-3 -3 -12 -25 -12 -2 -1 -2         17:57:46 
1 3 -10 -13 -16 -6 -1 -2         17:57:47 
-1 10 24 -39 -4 0 -2 2         17:57:47 
-3 -6 -16 4 -2 0 -2 0         17:57:47 
-6 -4 1 -29 -2 -1 -2 -4         17:57:47 
0 -1 12 4 0 -3 -2 -3         17:57:47 
-12 -2 -28 -5 -2 0 0 -7         17:57:47 
4 5 25 -3 1 1 2 -3         17:57:47 
13 -7 -8 0 0 -4 -1 8         17:57:47 
-15 -10 -4 -3 -2 0 6 -2         17:57:47 
-31 5 -36 -7 5 1 -9 16         17:57:47 
1 -12 -5 4 0 -1 2 28         17:57:47 
-20 -30 1 -3 -5 -1 2 7         17:57:47 
8 5 42 0 -3 -3 -6 -4         17:57:47 
-1 1 6 2 1 3 19 0         17:57:47 
-4 8 -1 35 -4 -8 -8 -8         17:57:47 
-5 7 25 27 1 -6 -6 3         17:57:47 
-3 -7 -10 -7 -4 -2 3 -6         17:57:47 
-24 0 -3 -1 6 3 0 -4         17:57:47 
9 5 9 2 1 1 0 3         17:57:48 
4 0 0 1 -2 -4 -2 0         17:57:48 
0 -6 -10 -8 -8 0 -4 1         17:57:48 
1 -1 -6 -63 8 7 3 3         17:57:48 
-3 -4 -16 -43 -2 2 -1 -2         17:57:48 
0 -2 9 -24 2 -8 -3 -1         17:57:48 
0 -3 -15 42 26 3 3 0         17:57:48 
-5 -1 -4 21 -4 -3 -5 -1         17:57:48 
1 -1 20 -52 -19 -6 -4 1         17:57:48 
-3 0 -34 -4 -2 -2 1 -2         17:57:48 
2 17 25 24 9 1 3 0         17:57:48 
-10 -10 -14 -25 -8 -2 -1 -7         17:57:48 
0 -5 -6 9 2 2 -5 1         17:57:48 
-3 -4 9 -19 10 3 -1 0         17:57:48 
-3 -25 13 4 -5 -6 15 5         17:57:48 
-26 0 -20 -12 -2 -2 -16 -60         17:57:48 
-33 3 11 -8 -1 1 -3 24         17:57:48 
1 -11 -30 -5 -1 -2 -8 22         17:57:48 
6 -29 -8 -2 -3 0 14 -63         17:57:48 
-4 9 -22 -3 2 -1 7 -8         17:57:49 
22 -33 2 -3 5 2 -4 28         17:57:49 
-23 -23 -15 -11 0 0 -6 11         17:57:49 
-37 -13 -23 -18 -8 -4 -9 -20         17:57:49 
6 3 13 7 4 0 -3 -10         17:57:49 
-2 2 3 -5 2 1 3 3         17:57:49 
-5 -1 9 -2 -3 -2 -3 2         17:57:49 
1 -3 -8 -9 -4 6 0 -1         17:57:49 
1 -1 -4 -17 10 2 0 0         17:57:49 
0 -3 -3 17 0 -2 1 1         17:57:49 
0 3 14 25 6 1 2 -2         17:57:49 
0 -1 2 -8 -3 -1 -2 -2         17:57:49 
0 -1 0 3 -11 -1 -1 -1         17:57:49 
-2 -1 3 5 0 2 0 -2         17:57:49 
-1 0 -1 1 0 0 0 -2         17:57:49 
2 -1 1 -3 1 -2 -2 -2         17:57:49 
0 1 5 -1 0 1 -2 -2         17:57:49 
-1 0 3 -10 -8 -1 0 0         17:57:49 
-1 -2 -2 -10 -1 -1 0 3         17:57:50 
1 2 2 7 -2 0 -24 -15         17:57:50 
5 4 3 -2 -1 -3 -25 -13         17:57:50 
23 -10 3 -1 -3 -1 4 27         17:57:50 
5 -8 -1 -9 -3 0 9 -1         17:57:50 
-6 113 -3 -1 -3 -1 30 10         17:57:50 
65 9 10 4 0 2 -53 -18         17:57:50 
-39 16 -13 -24 -9 0 -1 -5         17:57:50 
-23 -15 -1 7 3 0 -3 -1         17:57:50 
-7 28 21 14 8 2 3 0         17:57:50 
-9 -6 -1 9 0 -2 5 0         17:57:50 
-1 1 -8 -4 -14 -2 7 -1         17:57:50 
-2 1 -1 0 0 0 0 -3         17:57:50 
-3 -2 0 -3 11 2 3 1         17:57:50 
-3 -6 -17 3 -4 -5 -2 0         17:57:50 
-1 -3 13 -5 1 -2 -1 1         17:57:50 
-1 -3 -10 -17 -4 -1 3 -1         17:57:50 
-4 0 10 13 -4 -6 -18 6         17:57:50 
7 1 1 2 0 -4 1 -1         17:57:51 
7 -1 7 -3 1 4 3 16         17:57:51 
-3 1 -3 1 -4 -3 -7 -4         17:57:51 
-2 -3 4 1 -3 -2 -4 -5         17:57:51 
-9 -24 -20 -12 -2 1 -1 -15         17:57:51 
46 -4 -15 -4 -1 1 5 3         17:57:51 
25 6 58 7 -4 -1 22 17         17:57:51 
-27 -7 17 5 3 3 3 -2         17:57:51 
-12 33 9 6 5 -1 -5 4         17:57:51 
44 26 3 -5 -5 -1 -1 -9         17:57:51 
7 37 -23 -11 -9 -5 -4 -18         17:57:51 
-5 8 -5 -1 -5 -4 -2 -14         17:57:51 
-6 -23 12 22 9 2 -11 -16         17:57:51 
13 10 -3 -10 4 1 0 9         17:57:51 
5 5 2 3 0 2 3 3         17:57:51 
1 -2 -5 -47 -1 -1 0 2         17:57:51 
-4 -6 -13 -52 -65 -19 -5 -1         17:57:51 
0 1 6 -12 -5 6 2 0         17:57:51 
1 2 2 6 -4 1 1 -1         17:57:52 
0 -1 -1 8 -24 -3 -3 -3         17:57:52 
0 -2 3 26 11 -2 -2 -1         17:57:52 
1 -2 -5 7 -2 -4 1 -2         17:57:52 
-4 -1 -3 -5 -11 -3 -1 -1         17:57:52 
-3 1 -2 8 1 -1 0 0         17:57:52 
-1 -6 0 -17 -7 -4 -2 -4         17:57:52 
-9 4 -3 0 2 0 0 1         17:57:52 
-2 -2 -11 -4 -1 -3 -3 -3         17:57:52 
-5 -7 -25 0 -1 -3 -2 -1         17:57:52 
0 11 8 -1 2 -1 1 -5         17:57:52 
-3 -1 -6 1 -4 -1 2 0         17:57:52 
-2 -11 -9 -1 1 0 -3 61         17:57:52 
-27 68 6 -2 -4 -6 -4 6         17:57:52 
8 -14 -11 -16 -2 -3 -4 -2         17:57:52 
31 -21 -48 -12 -6 -9 -2 -17         17:57:52 
13 -9 -60 3 4 3 5 15         17:57:52 
-70 26 -28 -8 -7 -4 -21 -35         17:57:52 
17 -19 -22 -4 -4 -3 -1 -44         17:57:53 
18 -15 -24 -4 -2 -1 -1 -21         17:57:53 
18 -14 -6 -2 -3 -1 -2 15         17:57:53 
9 12 10 4 -2 -2 0 -61         17:57:53 
-6 -28 -6 -12 -2 -2 1 90         17:57:53 
29 7 22 16 12 8 13 -111         17:57:53 
-2 4 8 22 14 4 -6 -52         17:57:53 
-1 -8 -36 -20 -3 -1 1 6         17:57:53 
-13 -6 2 0 19 -4 -3 -14         17:57:53 
-9 -7 -23 -83 -44 -3 -8 -11         17:57:53 
-2 -8 6 14 13 -2 -1 -1         17:57:53 
-6 -7 -14 -44 -48 -11 -1 -5         17:57:53 
-2 1 4 17 -18 -6 -3 -1         17:57:53 
3 4 1 61 6 4 0 1         17:57:53 
0 -1 1 -8 -8 0 -2 3         17:57:53 
2 -2 -3 -9 -6 -2 -1 1         17:57:53 
-5 -1 8 6 4 0 -10 -2         17:57:53 
4 4 4 5 0 0 17 -9         17:57:54 
-24 -6 -10 5 0 1 -8 -6         17:57:54 
-22 -9 -10 -2 3 3 5 -8         17:57:54 
-4 2 20 6 -1 -8 -17 -12         17:57:54 
5 0 -21 3 1 2 -7 12         17:57:54 
3 -1 -7 2 -1 0 -6 6         17:57:54 
-2 5 3 1 1 -1 -5 4         17:57:54 
0 -2 -9 -7 -3 -1 5 -3         17:57:54 
-1 -2 -8 19 2 -1 5 -1         17:57:54 
-2 -2 2 -12 -4 -3 2 3         17:57:54 
-1 0 -7 -7 -1 -1 3 5         17:57:54 
1 -2 -1 1 -2 -2 -5 0         17:57:54 
-3 -1 4 2 -1 -1 0 2         17:57:54 
-3 -2 -4 -8 -9 -8 -5 -2         17:57:54 
-2 -6 -19 3 30 -5 -4 -1         17:57:54 
-5 -51 -1 4 1 5 -13 3         17:57:54 
6 27 -30 -7 -6 -2 -14 -16         17:57:54 
7 41 13 -4 -3 -1 29 6         17:57:54 
61 -2 17 1 -4 -5 -6 -8         17:57:55 
-14 34 -8 -1 0 1 4 8         17:57:55 
-8 9 0 2 0 -1 -12 0         17:57:55 
-5 18 8 -6 -1 -1 -3 -6         17:57:55 
15 3 14 2 0 1 12 13         17:57:55 
2 -1 5 14 7 2 2 1         17:57:55 
-2 -2 11 12 28 6 0 -3         17:57:55 
-4 -4 -21 21 11 1 0 -1         17:57:55 
-3 1 24 43 0 0 -2 -1         17:57:55 
1 5 15 70 24 -5 -7 1         17:57:55 
-7 -6 -6 47 -13 -8 -9 -5         17:57:55 
-3 -4 -21 -18 -5 -6 -3 -1         17:57:55 
0 0 4 -6 -8 0 1 0         17:57:55 
-1 2 7 -6 2 0 -3 0         17:57:55 
-2 -2 -2 10 3 -1 6 2         17:57:55 
1 -1 -9 -16 -7 -2 0 -1         17:57:55 
-6 -1 -6 0 -4 -4 -5 -5         17:57:55 
0 1 21 -4 -5 -4 -1 1         17:57:55 
8 -24 -19 -3 -1 -5 -7 11         17:57:56 
1 1 3 0 -2 0 -1 3         17:57:56 
-19 3 5 0 -2 -2 -11 -3         17:57:56 
1 9 -4 -2 -2 0 10 13         17:57:56 
-32 0 1 5 -1 0 9 -17         17:57:56 
7 1 0 -4 1 -2 -3 6         17:57:56 
4 1 -2 -1 -1 -2 -1 -3         17:57:56 
-1 -1 5 19 -3 -2 0 1         17:57:56 
-2 -1 -9 -39 0 1 -2 -1         17:57:56 
-3 -1 -7 8 -8 -4 -1 -2         17:57:56 
0 0 4 6 4 -2 -1 -3         17:57:56 
0 -3 -13 -27 -17 5 0 -2         17:57:56 
1 -2 -3 -10 -20 -6 -2 1         17:57:56 
1 -3 -4 23 2 0 -1 -2         17:57:56 
2 -2 -1 16 0 0 1 0         17:57:56 
2 3 16 -11 8 6 4 0         17:57:56 
1 1 6 -15 -6 -2 -3 -1         17:57:56 
-1 3 18 -15 -12 2 0 1         17:57:57 
-3 -3 -16 -44 -14 -2 -1 0         17:57:57 
-3 -2 -10 21 2 -3 -2 0         17:57:57 
-12 -3 -2 -11 5 0 0 -5         17:57:57 
-9 -6 -6 -5 -4 -4 -3 -13         17:57:57 
-9 -8 -4 -1 2 1 -4 -4         17:57:57 
4 -2 -7 -4 -2 -2 -1 -11         17:57:57 
-16 -17 -1 0 -1 -2 -8 12         17:57:57 
-36 -6 -5 -6 -3 -5 -22 6         17:57:57 
-44 -9 3 -3 -5 -7 6 -18         17:57:57 
-24 -9 -23 -12 -7 -7 -3 -61         17:57:57 
-48 4 -12 -11 0 3 17 17         17:57:57 
-14 31 -1 12 11 9 -8 -49         17:57:57 
-50 -16 -1 4 2 1 -5 66         17:57:57 
12 23 -7 -2 0 6 13 -71         17:57:57 
43 -7 -18 -7 2 -2 -2 -31         17:57:57 
47 5 5 0 -1 1 2 50         17:57:57 
-2 8 18 15 8 3 1 -11         17:57:57 
14 -12 -16 -25 -4 -2 -5 -5         17:57:58 
3 2 0 30 17 -1 -1 2         17:57:58 
6 5 -2 -82 -11 -4 -1 -2         17:57:58 
0 0 -8 26 21 1 -3 -1         17:57:58 
-1 -1 -4 4 -17 -2 -1 -1         17:57:58 
1 -2 2 12 -3 1 0 -1         17:57:58 
-2 -1 -6 -5 -1 0 2 -2         17:57:58 
-3 -3 -2 -1 1 -3 -2 -5         17:57:58 
2 3 1 2 -4 1 0 2         17:57:58 
-1 0 3 1 -4 -7 -3 -2         17:57:58 
0 1 -2 -1 2 1 0 -1         17:57:58 
-3 -3 -5 -14 3 1 -2 -1         17:57:58 
1 3 3 33 0 -1 -3 0         17:57:58 
0 0 -5 1 -4 2 -2 6         17:57:58 
-1 -1 -2 15 -1 -1 4 -3         17:57:58 
1 -2 -6 23 -5 1 2 1         17:57:58 
-4 0 0 3 -9 0 2 -3         17:57:58 
0 7 3 14 5 0 -3 -2         17:57:58 
-18 -1 3 10 2 -3 -3 1         17:57:59 
-7 0 -3 12 -1 -1 6 0         17:57:59 
39 7 1 4 1 0 -7 -6         17:57:59 
-8 0 -1 7 -2 -3 -1 -1         17:57:59 
8 -3 -2 -1 -1 -1 -2 1         17:57:59 
-16 -4 -1 -4 -2 1 -3 2         17:57:59 
-14 -3 -3 5 -3 -3 -2 -9         17:57:59 
0 -1 0 -1 1 0 1 -1         17:57:59 
6 -1 -1 -1 0 2 -2 0         17:57:59 
-17 -6 0 1 -1 -2 1 0         17:57:59 
22 8 1 0 2 3 1 10         17:57:59 
-2 -2 -3 0 -1 -1 -2 -1         17:57:59 
2 -3 -1 0 0 1 1 0         17:57:59 
-10 -1 -2 -2 -3 -1 1 -4         17:57:59 
-7 0 1 0 -2 -2 -2 -3         17:57:59 
-1 -2 -4 -3 -1 -1 -3 -2         17:57:59 
-3 -1 -1 2 -2 -1 -1 0         17:57:59 
12 4 0 0 2 1 1 -4         17:57:59 
-3 -3 -1 -4 -1 -2 -1 -1         17:58:00 
15 0 0 1 0 1 1 11         17:58:00 
-2 -1 1 -1 -1 0 2 -6         17:58:00 
-8 -5 -2 0 -2 -1 -4 -2         17:58:00 
1 -1 -1 0 -1 0 -2 -2         17:58:00 
8 5 2 1 -1 -4 -4 0         17:58:00 
-2 -1 1 -1 0 -2 -3 -2         17:58:00 
1 0 -2 0 0 -2 1 -5         17:58:00 
-6 0 -2 -1 -1 -1 2 -2         17:58:00 
-1 1 -2 -1 1 1 -2 0         17:58:00 
0 -1 -4 -4 -2 -2 -2 -3         17:58:00 
1 -2 -3 1 0 -1 -2 0         17:58:00 
14 -5 -3 -2 -3 0 3 -1         17:58:00 
-3 -2 0 1 -1 -1 0 1         17:58:00 
3 0 -2 -1 0 1 -4 -5         17:58:00 
6 -2 -1 -1 -2 -2 3 1         17:58:00 
5 0 0 -1 0 0 2 -1         17:58:00 
-11 -3 2 3 -1 -1 -1 -2         17:58:00 
-11 1 2 6 -3 -2 -2 -4         17:58:01 
4 -3 -2 -2 -1 -1 1 -3         17:58:01 
7 0 0 -2 1 -1 -4 0         17:58:01 
2 0 -1 -3 -2 -2 -1 -2         17:58:01 
-1 -4 -8 -7 -2 -1 -1 0         17:58:01 
32 0 -5 -6 -3 -5 -3 8         17:58:01 
-4 -2 -4 4 -2 -1 -1 1         17:58:01 
