0 0 0 0 0 0 0 0 0.017
0 0 0 0 0 0 0 0 0.034
0 0 0 0 0 0 0 0 0.052
0 0 0 0 0 0 0 0 0.07
0 0 0 0 0 0 0 0 0.089
0 0 0 0 0 0 0 0 0.107
0 0 0 0 0 0 0 0 0.127
0 0 0 0 0 0 0 0 0.147
-2 0 -1 20 0 -2 0 -25 0.165
9 -3 0 -39 -3 -1 3 56 0.185
7 5 -3 -39 1 -1 -3 43 0.203
-2 2 4 18 -3 3 2 -19 0.222
3 6 -1 -18 -5 -2 -5 25 0.242
3 6 -1 -18 -5 -2 -5 25 0.261
-5 -1 0 41 -1 0 0 -60 0.28
-15 0 -2 51 -4 2 -3 -52 0.297
-1 -1 -1 -6 -4 -3 -1 19 0.316
4 0 -5 -24 -1 -3 1 27 0.336
-1 -2 0 -17 -4 -2 -7 15 0.354
-2 2 -3 -10 2 1 -2 7 0.372
-7 -1 1 16 1 2 0 -15 0.389
3 1 3 -8 -4 0 1 6 0.408
-1 -2 1 -1 -3 0 -2 -9 0.426
2 -3 -1 -5 0 0 1 1 0.446
-4 0 -1 -12 3 -2 -2 8 0.464
2 -1 -2 -5 -4 1 0 8 0.482
-3 1 -4 2 2 3 -1 -4 0.5
4 -1 0 -19 -3 -3 -4 16 0.517
2 2 -1 1 -4 -1 -2 2 0.536
-4 -1 -4 5 -2 -2 1 -12 0.555
4 0 -2 -10 -1 2 -4 11 0.573
0 -2 -2 10 1 1 -3 -2 0.591
-7 -2 -1 0 -1 -4 -3 4 0.61
-4 -1 0 6 -1 1 1 -6 0.628
-1 -2 -4 0 -3 -1 0 4 0.646
1 -2 -1 -7 -6 -2 2 17 0.665
-2 -5 -1 -4 0 2 2 -8 0.682
-3 -1 -1 1 1 -4 4 4 0.701
-4 2 -3 -2 2 -2 0 -8 0.72
0 -5 1 -2 1 0 -2 -6 0.741
1 -1 -5 6 -2 -3 -3 -12 0.758
-2 2 0 -5 1 1 1 1 0.776
1 -4 1 -2 -4 5 0 1 0.794
-2 3 -2 17 0 0 -3 -16 0.812
1 -2 -1 -12 -2 1 -1 6 0.831
-5 3 1 -2 0 -4 2 2 0.849
1 -1 -2 -11 -2 -2 -3 8 0.868
1 1 0 3 5 2 -4 3 0.886
-1 0 -2 5 3 -1 -1 -19 0.904
0 -3 1 -4 -4 2 1 -4 0.922
-2 2 -2 -6 -2 2 -1 6 0.94
1 -1 1 6 -2 -3 0 -12 0.959
-5 -2 -1 5 4 -2 1 -6 0.978
4 2 1 -19 -2 -2 -8 16 0.996
-2 -3 -4 -9 -1 -4 0 5 1.014
9 -5 -4 23 0 1 1 -6 1.032
6 -10 1 -19 -2 4 2 14 1.05
-7 0 1 4 -1 0 -1 0 1.069
1 1 -2 -10 -3 -2 -5 -4 1.088
-6 0 -1 5 -3 4 -4 -11 1.107
-44 -3 -5 2 5 -3 1 -2 1.126
6 -2 -4 -17 4 1 2 5 1.144
-6 5 -3 13 0 -5 -5 -2 1.163
7 -1 2 13 0 2 0 -7 1.18
4 0 -1 -4 -2 2 -3 2 1.202
-5 -5 3 3 -1 0 -4 -3 1.224
9 -15 2 -23 -4 -2 0 11 1.241
-26 2 -4 -3 -1 -3 0 -22 1.261
-2 6 3 -18 -4 0 -5 10 1.279
3 -2 -6 -28 -3 -2 -2 21 1.299
-9 0 -2 -7 0 -4 -1 -6 1.319
-2 1 -4 -12 0 0 2 -6 1.34
-3 -1 -2 9 0 0 2 4 1.358
-1 2 -4 -9 -1 -6 -2 9 1.377
2 2 -2 15 -2 -3 -4 0 1.395
3 1 -2 5 -2 -2 -2 3 1.413
-7 -4 -1 -9 0 -1 -6 -4 1.432
-3 1 -4 -12 -5 -1 -3 9 1.454
-7 -6 -3 -8 -2 -1 2 -2 1.474
8 -5 -3 9 -5 -4 -4 -4 1.493
-6 3 -4 -2 2 -4 0 -6 1.512
3 -2 1 11 -3 0 -6 -4 1.53
-1 -2 2 -7 2 -4 -1 8 1.55
-2 3 -6 5 -1 2 -3 6 1.568
-8 -7 -4 5 -4 -1 -5 -5 1.588
-1 -2 -5 -4 -1 -1 -5 -4 1.607
-4 1 2 1 0 -3 -1 -2 1.625
1 4 -2 -5 -6 -2 3 8 1.644
3 1 3 2 2 -1 -1 1 1.662
3 1 3 2 2 -1 -1 1 1.679
6 -2 3 -7 -4 0 -4 9 1.698
-3 -2 -2 -1 4 1 0 2 1.716
-2 0 -1 3 -3 0 0 -4 1.734
1 -3 -2 -4 -1 2 4 12 1.752
-3 -2 -4 0 -1 -1 -3 0 1.771
-9 -5 -6 3 4 -2 3 -11 1.79
0 -1 -2 1 -2 1 -1 -4 1.809
6 3 -5 -4 -3 -2 -4 0 1.829
1 -2 -2 -1 0 -5 0 6 1.85
0 1 0 1 -1 -1 -1 1 1.868
-6 -6 6 0 -3 1 0 -3 1.888
3 5 -4 -2 -1 -4 -5 3 1.908
-4 2 -3 -5 -4 -2 -4 0 1.927
1 0 1 0 0 0 -2 9 1.946
-5 -4 -4 2 -2 0 4 -1 1.965
-4 0 -2 0 4 -2 -4 -10 1.987
2 0 -3 -1 -5 4 1 -5 2.008
-8 -8 -2 -3 4 -1 3 3 2.026
1 -2 0 -5 -9 1 -5 22 2.046
-1 1 1 -6 -2 -2 2 3 2.066
1 -2 -4 3 0 -3 -7 -15 2.084
-2 1 1 1 1 4 2 -5 2.102
1 -1 -2 0 -1 2 0 6 2.122
-6 4 -1 1 -1 1 -3 -14 2.14
-5 -3 1 -2 0 1 0 1 2.16
2 -5 -3 -3 -1 -5 1 0 2.179
-4 0 0 1 -2 1 -4 -11 2.198
2 -2 -2 2 -2 -2 -1 5 2.218
-5 0 -3 -1 1 1 -4 -18 2.239
-3 -4 -4 -1 6 1 -2 -3 2.257
8 4 0 0 -7 0 -6 7 2.277
-1 -1 -3 0 -2 -4 -1 -18 2.294
2 1 1 -1 -8 0 0 -7 2.313
6 -4 -2 -3 -2 -3 0 7 2.332
-6 3 2 -1 2 -2 -1 0 2.351
-3 -6 2 -1 4 -3 -5 4 2.37
-6 1 -3 1 -1 2 0 -10 2.388
1 4 -1 -2 -6 0 1 1 2.407
7 -2 -2 -3 -1 -5 -4 12 2.425
-2 -1 0 0 -2 0 1 5 2.444
1 -7 -2 2 -3 -1 1 0 2.462
0 -1 -2 1 -2 -2 3 9 2.48
-3 -1 -1 -2 -4 1 0 -8 2.499
1 2 -1 -4 -1 -1 -3 4 2.518
-2 0 -1 1 2 -2 -1 -24 2.536
2 -2 -3 -3 -3 -2 -1 20 2.554
-3 -1 -2 -3 -7 0 0 -4 2.573
-7 1 2 2 1 0 0 -16 2.591
-1 -5 -5 -3 -2 -1 -5 -4 2.61
-1 1 0 1 2 0 2 12 2.628
2 -5 2 -3 -2 -2 0 -3 2.646
-2 2 -3 5 4 0 1 -11 2.665
-3 3 -5 -2 2 1 -1 -27 2.684
-2 0 0 -2 -4 -5 -1 -7 2.702
-2 -1 1 -1 -1 0 0 -5 2.719
-1 -3 0 -2 -2 0 0 18 2.737
-7 0 0 0 2 -2 3 -8 2.755
-5 0 -5 1 2 0 -3 4 2.773
-5 -2 -1 -4 1 0 -4 -13 2.792
-9 -3 -1 -2 -1 1 -1 -4 2.811
5 2 -2 -1 -7 -6 0 21 2.828
-1 -2 -1 8 -1 3 1 -2 2.847
0 -2 -1 -1 -4 1 -1 -3 2.865
1 2 1 2 -3 0 1 5 2.884
-3 0 0 0 -2 -2 0 0 2.904
-1 -1 1 -2 1 -1 -1 -9 2.923
-2 0 -2 1 -3 -4 -2 -7 2.94
2 0 -3 -1 1 -2 -4 -1 2.959
0 -2 1 4 -1 1 3 17 2.979
-2 0 -1 -1 -3 1 -6 -13 3.004
-1 1 1 0 1 2 -1 8 3.023
0 -1 -2 0 1 -1 -3 -11 3.041
2 1 -5 -1 0 0 -1 -5 3.06
1 -1 2 -6 -6 1 1 19 3.079
-2 1 1 0 -4 3 3 0 3.098
3 2 0 -5 -11 -2 -1 4 3.118
-7 0 1 -1 1 -5 -7 -10 3.137
-6 1 1 1 0 0 -3 3 3.155
-8 -2 0 -2 -2 -2 1 -4 3.173
-7 2 -3 1 2 1 -2 -5 3.192
-3 -5 -2 -1 2 -1 -4 2 3.211
8 -1 -2 1 -5 1 -4 12 3.235
4 -2 2 -2 -5 -4 1 9 3.258
4 -2 2 -2 -5 -4 1 9 3.277
4 -2 2 -2 -5 -4 1 9 3.296
4 -2 2 -2 -5 -4 1 9 3.315
4 -2 2 -2 -5 -4 1 9 3.334
4 -2 2 -2 -5 -4 1 9 3.354
4 -2 2 -2 -5 -4 1 9 3.372
4 -2 2 -2 -5 -4 1 9 3.39
4 -2 2 -2 -5 -4 1 9 3.408
4 -2 2 -2 -5 -4 1 9 3.426
4 -2 2 -2 -5 -4 1 9 3.444
4 -2 2 -2 -5 -4 1 9 3.462
4 -2 2 -2 -5 -4 1 9 3.481
4 -2 2 -2 -5 -4 1 9 3.499
4 -2 2 -2 -5 -4 1 9 3.518
4 -2 2 -2 -5 -4 1 9 3.537
4 -2 2 -2 -5 -4 1 9 3.555
4 -2 2 -2 -5 -4 1 9 3.574
4 -2 2 -2 -5 -4 1 9 3.593
4 -2 2 -2 -5 -4 1 9 3.611
4 -2 2 -2 -5 -4 1 9 3.631
4 -2 2 -2 -5 -4 1 9 3.65
4 -2 2 -2 -5 -4 1 9 3.669
4 -2 2 -2 -5 -4 1 9 3.687
4 -2 2 -2 -5 -4 1 9 3.704
4 -2 2 -2 -5 -4 1 9 3.723
4 -2 2 -2 -5 -4 1 9 3.742
4 -2 2 -2 -5 -4 1 9 3.76
4 -2 2 -2 -5 -4 1 9 3.78
4 -2 2 -2 -5 -4 1 9 3.798
4 -2 2 -2 -5 -4 1 9 3.816
4 -2 2 -2 -5 -4 1 9 3.835
4 -2 2 -2 -5 -4 1 9 3.854
4 -2 2 -2 -5 -4 1 9 3.871
4 -2 2 -2 -5 -4 1 9 3.895
4 -2 2 -2 -5 -4 1 9 3.917
4 -2 2 -2 -5 -4 1 9 3.936
4 -2 2 -2 -5 -4 1 9 3.955
4 -2 2 -2 -5 -4 1 9 3.978
4 -2 2 -2 -5 -4 1 9 3.996
4 -2 2 -2 -5 -4 1 9 4.015
4 -2 2 -2 -5 -4 1 9 4.033
4 -2 2 -2 -5 -4 1 9 4.05
4 -2 2 -2 -5 -4 1 9 4.07
4 -2 2 -2 -5 -4 1 9 4.09
4 -2 2 -2 -5 -4 1 9 4.109
4 -2 2 -2 -5 -4 1 9 4.131
4 -2 2 -2 -5 -4 1 9 4.153
4 -2 2 -2 -5 -4 1 9 4.173
4 -2 2 -2 -5 -4 1 9 4.192
4 -2 2 -2 -5 -4 1 9 4.21
4 -2 2 -2 -5 -4 1 9 4.229
4 -2 2 -2 -5 -4 1 9 4.247
4 -2 2 -2 -5 -4 1 9 4.266
4 -2 2 -2 -5 -4 1 9 4.283
4 -2 2 -2 -5 -4 1 9 4.303
4 -2 2 -2 -5 -4 1 9 4.322
4 -2 2 -2 -5 -4 1 9 4.34
4 -2 2 -2 -5 -4 1 9 4.358
4 -2 2 -2 -5 -4 1 9 4.377
4 -2 2 -2 -5 -4 1 9 4.396
4 -2 2 -2 -5 -4 1 9 4.413
4 -2 2 -2 -5 -4 1 9 4.43
4 -2 2 -2 -5 -4 1 9 4.448
4 -2 2 -2 -5 -4 1 9 4.47
4 -2 2 -2 -5 -4 1 9 4.489
4 -2 2 -2 -5 -4 1 9 4.507
4 -2 2 -2 -5 -4 1 9 4.525
4 -2 2 -2 -5 -4 1 9 4.542
4 -2 2 -2 -5 -4 1 9 4.56
4 -2 2 -2 -5 -4 1 9 4.58
4 -2 2 -2 -5 -4 1 9 4.6
4 -2 2 -2 -5 -4 1 9 4.619
4 -2 2 -2 -5 -4 1 9 4.64
4 -2 2 -2 -5 -4 1 9 4.66
4 -2 2 -2 -5 -4 1 9 4.677
4 -2 2 -2 -5 -4 1 9 4.696
4 -2 2 -2 -5 -4 1 9 4.714
4 -2 2 -2 -5 -4 1 9 4.738
4 -2 2 -2 -5 -4 1 9 4.758
4 -2 2 -2 -5 -4 1 9 4.775
4 -2 2 -2 -5 -4 1 9 4.794
4 -2 2 -2 -5 -4 1 9 4.811
4 -2 2 -2 -5 -4 1 9 4.829
4 -2 2 -2 -5 -4 1 9 4.846
4 -2 2 -2 -5 -4 1 9 4.865
4 -2 2 -2 -5 -4 1 9 4.884
4 -2 2 -2 -5 -4 1 9 4.902
4 -2 2 -2 -5 -4 1 9 4.921
4 -2 2 -2 -5 -4 1 9 4.939
4 -2 2 -2 -5 -4 1 9 4.958
4 -2 2 -2 -5 -4 1 9 4.975
4 -2 2 -2 -5 -4 1 9 4.993
4 -2 2 -2 -5 -4 1 9 5.011
4 -2 2 -2 -5 -4 1 9 5.028
4 -2 2 -2 -5 -4 1 9 5.047
4 -2 2 -2 -5 -4 1 9 5.066
4 -2 2 -2 -5 -4 1 9 5.084
4 -2 2 -2 -5 -4 1 9 5.102
4 -2 2 -2 -5 -4 1 9 5.125
4 -2 2 -2 -5 -4 1 9 5.143
4 -2 2 -2 -5 -4 1 9 5.162
4 -2 2 -2 -5 -4 1 9 5.179
4 -2 2 -2 -5 -4 1 9 5.197
4 -2 2 -2 -5 -4 1 9 5.221
4 -2 2 -2 -5 -4 1 9 5.24
4 -2 2 -2 -5 -4 1 9 5.258
4 -2 2 -2 -5 -4 1 9 5.275
4 -2 2 -2 -5 -4 1 9 5.294
4 -2 2 -2 -5 -4 1 9 5.312
4 -2 2 -2 -5 -4 1 9 5.331
4 -2 2 -2 -5 -4 1 9 5.351
4 -2 2 -2 -5 -4 1 9 5.369
4 -2 2 -2 -5 -4 1 9 5.387
4 -2 2 -2 -5 -4 1 9 5.406
4 -2 2 -2 -5 -4 1 9 5.428
4 -2 2 -2 -5 -4 1 9 5.448
4 -2 2 -2 -5 -4 1 9 5.467
4 -2 2 -2 -5 -4 1 9 5.486
4 -2 2 -2 -5 -4 1 9 5.503
4 -2 2 -2 -5 -4 1 9 5.523
4 -2 2 -2 -5 -4 1 9 5.55
4 -2 2 -2 -5 -4 1 9 5.576
4 -2 2 -2 -5 -4 1 9 5.594
4 -2 2 -2 -5 -4 1 9 5.613
4 -2 2 -2 -5 -4 1 9 5.631
4 -2 2 -2 -5 -4 1 9 5.649
4 -2 2 -2 -5 -4 1 9 5.668
4 -2 2 -2 -5 -4 1 9 5.686
4 -2 2 -2 -5 -4 1 9 5.705
4 -2 2 -2 -5 -4 1 9 5.724
4 -2 2 -2 -5 -4 1 9 5.742
4 -2 2 -2 -5 -4 1 9 5.76
4 -2 2 -2 -5 -4 1 9 5.778
4 -2 2 -2 -5 -4 1 9 5.795
4 -2 2 -2 -5 -4 1 9 5.813
4 -2 2 -2 -5 -4 1 9 5.831
4 -2 2 -2 -5 -4 1 9 5.849
4 -2 2 -2 -5 -4 1 9 5.867
4 -2 2 -2 -5 -4 1 9 5.885
4 -2 2 -2 -5 -4 1 9 5.904
4 -2 2 -2 -5 -4 1 9 5.923
4 -2 2 -2 -5 -4 1 9 5.941
4 -2 2 -2 -5 -4 1 9 5.96
4 -2 2 -2 -5 -4 1 9 5.978
4 -2 2 -2 -5 -4 1 9 5.996
4 -2 2 -2 -5 -4 1 9 6.014
4 -2 2 -2 -5 -4 1 9 6.031
4 -2 2 -2 -5 -4 1 9 6.049
4 -2 2 -2 -5 -4 1 9 6.069
4 -2 2 -2 -5 -4 1 9 6.089
4 -2 2 -2 -5 -4 1 9 6.109
4 -2 2 -2 -5 -4 1 9 6.128
4 -2 2 -2 -5 -4 1 9 6.147
4 -2 2 -2 -5 -4 1 9 6.166
4 -2 2 -2 -5 -4 1 9 6.185
4 -2 2 -2 -5 -4 1 9 6.206
4 -2 2 -2 -5 -4 1 9 6.225
4 -2 2 -2 -5 -4 1 9 6.244
4 -2 2 -2 -5 -4 1 9 6.264
4 -2 2 -2 -5 -4 1 9 6.284
4 -2 2 -2 -5 -4 1 9 6.303
4 -2 2 -2 -5 -4 1 9 6.322
4 -2 2 -2 -5 -4 1 9 6.339
4 -2 2 -2 -5 -4 1 9 6.358
4 -2 2 -2 -5 -4 1 9 6.375
4 -2 2 -2 -5 -4 1 9 6.394
4 -2 2 -2 -5 -4 1 9 6.413
4 -2 2 -2 -5 -4 1 9 6.433
4 -2 2 -2 -5 -4 1 9 6.452
4 -2 2 -2 -5 -4 1 9 6.473
4 -2 2 -2 -5 -4 1 9 6.492
4 -2 2 -2 -5 -4 1 9 6.51
4 -2 2 -2 -5 -4 1 9 6.528
4 -2 2 -2 -5 -4 1 9 6.546
4 -2 2 -2 -5 -4 1 9 6.566
4 -2 2 -2 -5 -4 1 9 6.585
4 -2 2 -2 -5 -4 1 9 6.604
4 -2 2 -2 -5 -4 1 9 6.623
4 -2 2 -2 -5 -4 1 9 6.643
4 -2 2 -2 -5 -4 1 9 6.662
4 -2 2 -2 -5 -4 1 9 6.681
4 -2 2 -2 -5 -4 1 9 6.7
4 -2 2 -2 -5 -4 1 9 6.72
4 -2 2 -2 -5 -4 1 9 6.74
4 -2 2 -2 -5 -4 1 9 6.759
4 -2 2 -2 -5 -4 1 9 6.777
4 -2 2 -2 -5 -4 1 9 6.797
4 -2 2 -2 -5 -4 1 9 6.816
4 -2 2 -2 -5 -4 1 9 6.841
4 -2 2 -2 -5 -4 1 9 6.861
4 -2 2 -2 -5 -4 1 9 6.879
4 -2 2 -2 -5 -4 1 9 6.897
4 -2 2 -2 -5 -4 1 9 6.921
4 -2 2 -2 -5 -4 1 9 6.94
4 -2 2 -2 -5 -4 1 9 6.959
4 -2 2 -2 -5 -4 1 9 6.978
4 -2 2 -2 -5 -4 1 9 6.997
4 -2 2 -2 -5 -4 1 9 7.017
4 -2 2 -2 -5 -4 1 9 7.035
4 -2 2 -2 -5 -4 1 9 7.054
4 -2 2 -2 -5 -4 1 9 7.072
4 -2 2 -2 -5 -4 1 9 7.09
4 -2 2 -2 -5 -4 1 9 7.108
4 -2 2 -2 -5 -4 1 9 7.127
4 -2 2 -2 -5 -4 1 9 7.147
4 -2 2 -2 -5 -4 1 9 7.167
4 -2 2 -2 -5 -4 1 9 7.186
4 -2 2 -2 -5 -4 1 9 7.205
4 -2 2 -2 -5 -4 1 9 7.224
4 -2 2 -2 -5 -4 1 9 7.243
4 -2 2 -2 -5 -4 1 9 7.263
4 -2 2 -2 -5 -4 1 9 7.284
4 -2 2 -2 -5 -4 1 9 7.303
4 -2 2 -2 -5 -4 1 9 7.322
4 -2 2 -2 -5 -4 1 9 7.342
4 -2 2 -2 -5 -4 1 9 7.361
4 -2 2 -2 -5 -4 1 9 7.379
4 -2 2 -2 -5 -4 1 9 7.398
4 -2 2 -2 -5 -4 1 9 7.417
4 -2 2 -2 -5 -4 1 9 7.436
4 -2 2 -2 -5 -4 1 9 7.453
4 -2 2 -2 -5 -4 1 9 7.471
4 -2 2 -2 -5 -4 1 9 7.491
4 -2 2 -2 -5 -4 1 9 7.51
4 -2 2 -2 -5 -4 1 9 7.53
4 -2 2 -2 -5 -4 1 9 7.549
4 -2 2 -2 -5 -4 1 9 7.568
4 -2 2 -2 -5 -4 1 9 7.587
4 -2 2 -2 -5 -4 1 9 7.606
4 -2 2 -2 -5 -4 1 9 7.624
4 -2 2 -2 -5 -4 1 9 7.648
4 -2 2 -2 -5 -4 1 9 7.668
4 -2 2 -2 -5 -4 1 9 7.686
4 -2 2 -2 -5 -4 1 9 7.705
4 -2 2 -2 -5 -4 1 9 7.724
4 -2 2 -2 -5 -4 1 9 7.744
4 -2 2 -2 -5 -4 1 9 7.763
4 -2 2 -2 -5 -4 1 9 7.782
4 -2 2 -2 -5 -4 1 9 7.8
4 -2 2 -2 -5 -4 1 9 7.818
4 -2 2 -2 -5 -4 1 9 7.837
4 -2 2 -2 -5 -4 1 9 7.855
4 -2 2 -2 -5 -4 1 9 7.872
4 -2 2 -2 -5 -4 1 9 7.891
4 -2 2 -2 -5 -4 1 9 7.911
4 -2 2 -2 -5 -4 1 9 7.93
4 -2 2 -2 -5 -4 1 9 7.949
4 -2 2 -2 -5 -4 1 9 7.968
4 -2 2 -2 -5 -4 1 9 7.987
4 -2 2 -2 -5 -4 1 9 8.005
4 -2 2 -2 -5 -4 1 9 8.026
4 -2 2 -2 -5 -4 1 9 8.046
4 -2 2 -2 -5 -4 1 9 8.065
4 -2 2 -2 -5 -4 1 9 8.084
4 -2 2 -2 -5 -4 1 9 8.103
4 -2 2 -2 -5 -4 1 9 8.123
4 -2 2 -2 -5 -4 1 9 8.142
4 -2 2 -2 -5 -4 1 9 8.162
4 -2 2 -2 -5 -4 1 9 8.181
4 -2 2 -2 -5 -4 1 9 8.199
4 -2 2 -2 -5 -4 1 9 8.218
4 -2 2 -2 -5 -4 1 9 8.237
4 -2 2 -2 -5 -4 1 9 8.255
4 -2 2 -2 -5 -4 1 9 8.276
4 -2 2 -2 -5 -4 1 9 8.296
4 -2 2 -2 -5 -4 1 9 8.316
4 -2 2 -2 -5 -4 1 9 8.334
4 -2 2 -2 -5 -4 1 9 8.354
4 -2 2 -2 -5 -4 1 9 8.374
4 -2 2 -2 -5 -4 1 9 8.392
4 -2 2 -2 -5 -4 1 9 8.411
4 -2 2 -2 -5 -4 1 9 8.429
4 -2 2 -2 -5 -4 1 9 8.447
4 -2 2 -2 -5 -4 1 9 8.471
4 -2 2 -2 -5 -4 1 9 8.494
4 -2 2 -2 -5 -4 1 9 8.514
4 -2 2 -2 -5 -4 1 9 8.532
4 -2 2 -2 -5 -4 1 9 8.551
4 -2 2 -2 -5 -4 1 9 8.571
4 -2 2 -2 -5 -4 1 9 8.591
4 -2 2 -2 -5 -4 1 9 8.609
4 -2 2 -2 -5 -4 1 9 8.628
4 -2 2 -2 -5 -4 1 9 8.646
4 -2 2 -2 -5 -4 1 9 8.664
4 -2 2 -2 -5 -4 1 9 8.689
4 -2 2 -2 -5 -4 1 9 8.708
4 -2 2 -2 -5 -4 1 9 8.728
4 -2 2 -2 -5 -4 1 9 8.747
4 -2 2 -2 -5 -4 1 9 8.765
4 -2 2 -2 -5 -4 1 9 8.784
4 -2 2 -2 -5 -4 1 9 8.803
4 -2 2 -2 -5 -4 1 9 8.822
4 -2 2 -2 -5 -4 1 9 8.842
4 -2 2 -2 -5 -4 1 9 8.86
4 -2 2 -2 -5 -4 1 9 8.878
4 -2 2 -2 -5 -4 1 9 8.896
4 -2 2 -2 -5 -4 1 9 8.914
4 -2 2 -2 -5 -4 1 9 8.933
4 -2 2 -2 -5 -4 1 9 8.952
4 -2 2 -2 -5 -4 1 9 8.97
4 -2 2 -2 -5 -4 1 9 8.989
4 -2 2 -2 -5 -4 1 9 9.008
4 -2 2 -2 -5 -4 1 9 9.028
4 -2 2 -2 -5 -4 1 9 9.053
4 -2 2 -2 -5 -4 1 9 9.072
4 -2 2 -2 -5 -4 1 9 9.091
4 -2 2 -2 -5 -4 1 9 9.11
4 -2 2 -2 -5 -4 1 9 9.13
4 -2 2 -2 -5 -4 1 9 9.149
4 -2 2 -2 -5 -4 1 9 9.167
4 -2 2 -2 -5 -4 1 9 9.187
4 -2 2 -2 -5 -4 1 9 9.206
4 -2 2 -2 -5 -4 1 9 9.225
4 -2 2 -2 -5 -4 1 9 9.245
4 -2 2 -2 -5 -4 1 9 9.263
4 -2 2 -2 -5 -4 1 9 9.282
4 -2 2 -2 -5 -4 1 9 9.3
4 -2 2 -2 -5 -4 1 9 9.319
4 -2 2 -2 -5 -4 1 9 9.338
4 -2 2 -2 -5 -4 1 9 9.356
4 -2 2 -2 -5 -4 1 9 9.375
4 -2 2 -2 -5 -4 1 9 9.394
4 -2 2 -2 -5 -4 1 9 9.412
4 -2 2 -2 -5 -4 1 9 9.431
4 -2 2 -2 -5 -4 1 9 9.451
4 -2 2 -2 -5 -4 1 9 9.47
4 -2 2 -2 -5 -4 1 9 9.489
4 -2 2 -2 -5 -4 1 9 9.507
4 -2 2 -2 -5 -4 1 9 9.527
4 -2 2 -2 -5 -4 1 9 9.547
4 -2 2 -2 -5 -4 1 9 9.567
4 -2 2 -2 -5 -4 1 9 9.587
4 -2 2 -2 -5 -4 1 9 9.607
4 -2 2 -2 -5 -4 1 9 9.627
4 -2 2 -2 -5 -4 1 9 9.646
4 -2 2 -2 -5 -4 1 9 9.665
4 -2 2 -2 -5 -4 1 9 9.684
4 -2 2 -2 -5 -4 1 9 9.701
4 -2 2 -2 -5 -4 1 9 9.72
4 -2 2 -2 -5 -4 1 9 9.738
4 -2 2 -2 -5 -4 1 9 9.758
4 -2 2 -2 -5 -4 1 9 9.777
4 -2 2 -2 -5 -4 1 9 9.796
4 -2 2 -2 -5 -4 1 9 9.816
4 -2 2 -2 -5 -4 1 9 9.835
4 -2 2 -2 -5 -4 1 9 9.853
4 -2 2 -2 -5 -4 1 9 9.872
4 -2 2 -2 -5 -4 1 9 9.891
4 -2 2 -2 -5 -4 1 9 9.918
4 -2 2 -2 -5 -4 1 9 9.937
4 -2 2 -2 -5 -4 1 9 9.956
4 -2 2 -2 -5 -4 1 9 9.974
4 -2 2 -2 -5 -4 1 9 9.998
4 -2 2 -2 -5 -4 1 9 10.021
4 -2 2 -2 -5 -4 1 9 10.041
4 -2 2 -2 -5 -4 1 9 10.06
4 -2 2 -2 -5 -4 1 9 10.079
4 -2 2 -2 -5 -4 1 9 10.098
4 -2 2 -2 -5 -4 1 9 10.122
4 -2 2 -2 -5 -4 1 9 10.144
4 -2 2 -2 -5 -4 1 9 10.162
4 -2 2 -2 -5 -4 1 9 10.181
4 -2 2 -2 -5 -4 1 9 10.204
4 -2 2 -2 -5 -4 1 9 10.229
4 -2 2 -2 -5 -4 1 9 10.249
4 -2 2 -2 -5 -4 1 9 10.269
4 -2 2 -2 -5 -4 1 9 10.288
4 -2 2 -2 -5 -4 1 9 10.307
4 -2 2 -2 -5 -4 1 9 10.325
4 -2 2 -2 -5 -4 1 9 10.344
4 -2 2 -2 -5 -4 1 9 10.362
4 -2 2 -2 -5 -4 1 9 10.381
4 -2 2 -2 -5 -4 1 9 10.401
4 -2 2 -2 -5 -4 1 9 10.42
4 -2 2 -2 -5 -4 1 9 10.438
4 -2 2 -2 -5 -4 1 9 10.457
4 -2 2 -2 -5 -4 1 9 10.476
4 -2 2 -2 -5 -4 1 9 10.494
4 -2 2 -2 -5 -4 1 9 10.513
4 -2 2 -2 -5 -4 1 9 10.531
4 -2 2 -2 -5 -4 1 9 10.549
4 -2 2 -2 -5 -4 1 9 10.567
4 -2 2 -2 -5 -4 1 9 10.585
4 -2 2 -2 -5 -4 1 9 10.604
4 -2 2 -2 -5 -4 1 9 10.623
4 -2 2 -2 -5 -4 1 9 10.641
4 -2 2 -2 -5 -4 1 9 10.658
4 -2 2 -2 -5 -4 1 9 10.676
4 -2 2 -2 -5 -4 1 9 10.694
4 -2 2 -2 -5 -4 1 9 10.713
4 -2 2 -2 -5 -4 1 9 10.731
4 -2 2 -2 -5 -4 1 9 10.754
4 -2 2 -2 -5 -4 1 9 10.776
4 -2 2 -2 -5 -4 1 9 10.799
4 -2 2 -2 -5 -4 1 9 10.819
4 -2 2 -2 -5 -4 1 9 10.838
4 -2 2 -2 -5 -4 1 9 10.856
4 -2 2 -2 -5 -4 1 9 10.874
4 -2 2 -2 -5 -4 1 9 10.895
4 -2 2 -2 -5 -4 1 9 10.913
4 -2 2 -2 -5 -4 1 9 10.932
4 -2 2 -2 -5 -4 1 9 10.95
4 -2 2 -2 -5 -4 1 9 10.968
4 -2 2 -2 -5 -4 1 9 10.987
4 -2 2 -2 -5 -4 1 9 11.005
4 -2 2 -2 -5 -4 1 9 11.023
4 -2 2 -2 -5 -4 1 9 11.042
4 -2 2 -2 -5 -4 1 9 11.061
4 -2 2 -2 -5 -4 1 9 11.079
4 -2 2 -2 -5 -4 1 9 11.096
4 -2 2 -2 -5 -4 1 9 11.12
4 -2 2 -2 -5 -4 1 9 11.138
4 -2 2 -2 -5 -4 1 9 11.157
4 -2 2 -2 -5 -4 1 9 11.174
4 -2 2 -2 -5 -4 1 9 11.194
4 -2 2 -2 -5 -4 1 9 11.213
4 -2 2 -2 -5 -4 1 9 11.237
4 -2 2 -2 -5 -4 1 9 11.257
4 -2 2 -2 -5 -4 1 9 11.276
4 -2 2 -2 -5 -4 1 9 11.295
4 -2 2 -2 -5 -4 1 9 11.314
4 -2 2 -2 -5 -4 1 9 11.334
4 -2 2 -2 -5 -4 1 9 11.353
4 -2 2 -2 -5 -4 1 9 11.373
4 -2 2 -2 -5 -4 1 9 11.393
4 -2 2 -2 -5 -4 1 9 11.41
4 -2 2 -2 -5 -4 1 9 11.433
4 -2 2 -2 -5 -4 1 9 11.455
4 -2 2 -2 -5 -4 1 9 11.476
4 -2 2 -2 -5 -4 1 9 11.496
4 -2 2 -2 -5 -4 1 9 11.515
4 -2 2 -2 -5 -4 1 9 11.535
4 -2 2 -2 -5 -4 1 9 11.554
4 -2 2 -2 -5 -4 1 9 11.572
4 -2 2 -2 -5 -4 1 9 11.59
4 -2 2 -2 -5 -4 1 9 11.607
4 -2 2 -2 -5 -4 1 9 11.625
4 -2 2 -2 -5 -4 1 9 11.644
4 -2 2 -2 -5 -4 1 9 11.661
4 -2 2 -2 -5 -4 1 9 11.68
4 -2 2 -2 -5 -4 1 9 11.698
4 -2 2 -2 -5 -4 1 9 11.717
4 -2 2 -2 -5 -4 1 9 11.734
4 -2 2 -2 -5 -4 1 9 11.752
4 -2 2 -2 -5 -4 1 9 11.77
4 -2 2 -2 -5 -4 1 9 11.794
4 -2 2 -2 -5 -4 1 9 11.815
4 -2 2 -2 -5 -4 1 9 11.834
4 -2 2 -2 -5 -4 1 9 11.854
4 -2 2 -2 -5 -4 1 9 11.872
4 -2 2 -2 -5 -4 1 9 11.892
4 -2 2 -2 -5 -4 1 9 11.915
4 -2 2 -2 -5 -4 1 9 11.937
4 -2 2 -2 -5 -4 1 9 11.955
4 -2 2 -2 -5 -4 1 9 11.974
4 -2 2 -2 -5 -4 1 9 11.993
4 -2 2 -2 -5 -4 1 9 12.012
4 -2 2 -2 -5 -4 1 9 12.03
4 -2 2 -2 -5 -4 1 9 12.049
4 -2 2 -2 -5 -4 1 9 12.068
4 -2 2 -2 -5 -4 1 9 12.086
4 -2 2 -2 -5 -4 1 9 12.104
4 -2 2 -2 -5 -4 1 9 12.122
4 -2 2 -2 -5 -4 1 9 12.141
4 -2 2 -2 -5 -4 1 9 12.16
4 -2 2 -2 -5 -4 1 9 12.186
4 -2 2 -2 -5 -4 1 9 12.209
4 -2 2 -2 -5 -4 1 9 12.231
4 -2 2 -2 -5 -4 1 9 12.25
4 -2 2 -2 -5 -4 1 9 12.27
4 -2 2 -2 -5 -4 1 9 12.289
4 -2 2 -2 -5 -4 1 9 12.309
4 -2 2 -2 -5 -4 1 9 12.33
4 -2 2 -2 -5 -4 1 9 12.353
4 -2 2 -2 -5 -4 1 9 12.37
4 -2 2 -2 -5 -4 1 9 12.388
4 -2 2 -2 -5 -4 1 9 12.406
4 -2 2 -2 -5 -4 1 9 12.425
4 -2 2 -2 -5 -4 1 9 12.444
4 -2 2 -2 -5 -4 1 9 12.461
4 -2 2 -2 -5 -4 1 9 12.48
4 -2 2 -2 -5 -4 1 9 12.497
4 -2 2 -2 -5 -4 1 9 12.516
4 -2 2 -2 -5 -4 1 9 12.534
4 -2 2 -2 -5 -4 1 9 12.553
4 -2 2 -2 -5 -4 1 9 12.571
4 -2 2 -2 -5 -4 1 9 12.59
4 -2 2 -2 -5 -4 1 9 12.608
4 -2 2 -2 -5 -4 1 9 12.627
4 -2 2 -2 -5 -4 1 9 12.645
4 -2 2 -2 -5 -4 1 9 12.663
4 -2 2 -2 -5 -4 1 9 12.68
4 -2 2 -2 -5 -4 1 9 12.699
4 -2 2 -2 -5 -4 1 9 12.718
4 -2 2 -2 -5 -4 1 9 12.736
4 -2 2 -2 -5 -4 1 9 12.755
4 -2 2 -2 -5 -4 1 9 12.773
4 -2 2 -2 -5 -4 1 9 12.792
4 -2 2 -2 -5 -4 1 9 12.811
4 -2 2 -2 -5 -4 1 9 12.829
4 -2 2 -2 -5 -4 1 9 12.851
4 -2 2 -2 -5 -4 1 9 12.87
4 -2 2 -2 -5 -4 1 9 12.89
4 -2 2 -2 -5 -4 1 9 12.909
4 -2 2 -2 -5 -4 1 9 12.927
4 -2 2 -2 -5 -4 1 9 12.945
4 -2 2 -2 -5 -4 1 9 12.963
4 -2 2 -2 -5 -4 1 9 12.981
4 -2 2 -2 -5 -4 1 9 12.998
4 -2 2 -2 -5 -4 1 9 13.017
4 -2 2 -2 -5 -4 1 9 13.034
4 -2 2 -2 -5 -4 1 9 13.053
4 -2 2 -2 -5 -4 1 9 13.071
4 -2 2 -2 -5 -4 1 9 13.09
4 -2 2 -2 -5 -4 1 9 13.108
4 -2 2 -2 -5 -4 1 9 13.126
4 -2 2 -2 -5 -4 1 9 13.144
4 -2 2 -2 -5 -4 1 9 13.163
4 -2 2 -2 -5 -4 1 9 13.182
4 -2 2 -2 -5 -4 1 9 13.2
4 -2 2 -2 -5 -4 1 9 13.218
4 -2 2 -2 -5 -4 1 9 13.244
4 -2 2 -2 -5 -4 1 9 13.262
4 -2 2 -2 -5 -4 1 9 13.28
4 -2 2 -2 -5 -4 1 9 13.301
4 -2 2 -2 -5 -4 1 9 13.325
4 -2 2 -2 -5 -4 1 9 13.346
4 -2 2 -2 -5 -4 1 9 13.364
4 -2 2 -2 -5 -4 1 9 13.384
4 -2 2 -2 -5 -4 1 9 13.403
4 -2 2 -2 -5 -4 1 9 13.423
4 -2 2 -2 -5 -4 1 9 13.443
4 -2 2 -2 -5 -4 1 9 13.46
4 -2 2 -2 -5 -4 1 9 13.479
4 -2 2 -2 -5 -4 1 9 13.497
4 -2 2 -2 -5 -4 1 9 13.516
4 -2 2 -2 -5 -4 1 9 13.535
4 -2 2 -2 -5 -4 1 9 13.553
4 -2 2 -2 -5 -4 1 9 13.571
4 -2 2 -2 -5 -4 1 9 13.589
4 -2 2 -2 -5 -4 1 9 13.607
4 -2 2 -2 -5 -4 1 9 13.625
4 -2 2 -2 -5 -4 1 9 13.646
4 -2 2 -2 -5 -4 1 9 13.669
4 -2 2 -2 -5 -4 1 9 13.688
4 -2 2 -2 -5 -4 1 9 13.708
4 -2 2 -2 -5 -4 1 9 13.726
4 -2 2 -2 -5 -4 1 9 13.746
4 -2 2 -2 -5 -4 1 9 13.764
4 -2 2 -2 -5 -4 1 9 13.783
4 -2 2 -2 -5 -4 1 9 13.801
4 -2 2 -2 -5 -4 1 9 13.818
4 -2 2 -2 -5 -4 1 9 13.838
4 -2 2 -2 -5 -4 1 9 13.857
4 -2 2 -2 -5 -4 1 9 13.877
4 -2 2 -2 -5 -4 1 9 13.901
4 -2 2 -2 -5 -4 1 9 13.919
4 -2 2 -2 -5 -4 1 9 13.937
4 -2 2 -2 -5 -4 1 9 13.955
4 -2 2 -2 -5 -4 1 9 13.973
4 -2 2 -2 -5 -4 1 9 13.991
4 -2 2 -2 -5 -4 1 9 14.011
4 -2 2 -2 -5 -4 1 9 14.03
4 -2 2 -2 -5 -4 1 9 14.048
4 -2 2 -2 -5 -4 1 9 14.066
4 -2 2 -2 -5 -4 1 9 14.085
4 -2 2 -2 -5 -4 1 9 14.104
4 -2 2 -2 -5 -4 1 9 14.122
4 -2 2 -2 -5 -4 1 9 14.141
4 -2 2 -2 -5 -4 1 9 14.159
4 -2 2 -2 -5 -4 1 9 14.177
4 -2 2 -2 -5 -4 1 9 14.195
4 -2 2 -2 -5 -4 1 9 14.217
4 -2 2 -2 -5 -4 1 9 14.24
4 -2 2 -2 -5 -4 1 9 14.26
4 -2 2 -2 -5 -4 1 9 14.279
4 -2 2 -2 -5 -4 1 9 14.297
4 -2 2 -2 -5 -4 1 9 14.32
4 -2 2 -2 -5 -4 1 9 14.346
4 -2 2 -2 -5 -4 1 9 14.365
4 -2 2 -2 -5 -4 1 9 14.384
4 -2 2 -2 -5 -4 1 9 14.403
4 -2 2 -2 -5 -4 1 9 14.422
4 -2 2 -2 -5 -4 1 9 14.44
4 -2 2 -2 -5 -4 1 9 14.457
4 -2 2 -2 -5 -4 1 9 14.475
4 -2 2 -2 -5 -4 1 9 14.494
4 -2 2 -2 -5 -4 1 9 14.513
4 -2 2 -2 -5 -4 1 9 14.531
4 -2 2 -2 -5 -4 1 9 14.554
4 -2 2 -2 -5 -4 1 9 14.571
4 -2 2 -2 -5 -4 1 9 14.589
4 -2 2 -2 -5 -4 1 9 14.608
4 -2 2 -2 -5 -4 1 9 14.625
4 -2 2 -2 -5 -4 1 9 14.645
4 -2 2 -2 -5 -4 1 9 14.664
4 -2 2 -2 -5 -4 1 9 14.683
4 -2 2 -2 -5 -4 1 9 14.701
4 -2 2 -2 -5 -4 1 9 14.72
4 -2 2 -2 -5 -4 1 9 14.739
4 -2 2 -2 -5 -4 1 9 14.761
4 -2 2 -2 -5 -4 1 9 14.781
4 -2 2 -2 -5 -4 1 9 14.8
4 -2 2 -2 -5 -4 1 9 14.819
4 -2 2 -2 -5 -4 1 9 14.836
4 -2 2 -2 -5 -4 1 9 14.855
4 -2 2 -2 -5 -4 1 9 14.873
4 -2 2 -2 -5 -4 1 9 14.892
4 -2 2 -2 -5 -4 1 9 14.911
4 -2 2 -2 -5 -4 1 9 14.929
4 -2 2 -2 -5 -4 1 9 14.949
4 -2 2 -2 -5 -4 1 9 14.966
4 -2 2 -2 -5 -4 1 9 14.984
4 -2 2 -2 -5 -4 1 9 15.007
4 -2 2 -2 -5 -4 1 9 15.027
4 -2 2 -2 -5 -4 1 9 15.044
4 -2 2 -2 -5 -4 1 9 15.061
4 -2 2 -2 -5 -4 1 9 15.08
4 -2 2 -2 -5 -4 1 9 15.098
4 -2 2 -2 -5 -4 1 9 15.12
4 -2 2 -2 -5 -4 1 9 15.142
4 -2 2 -2 -5 -4 1 9 15.165
4 -2 2 -2 -5 -4 1 9 15.183
4 -2 2 -2 -5 -4 1 9 15.201
4 -2 2 -2 -5 -4 1 9 15.22
4 -2 2 -2 -5 -4 1 9 15.239
4 -2 2 -2 -5 -4 1 9 15.257
4 -2 2 -2 -5 -4 1 9 15.276
4 -2 2 -2 -5 -4 1 9 15.295
4 -2 2 -2 -5 -4 1 9 15.314
4 -2 2 -2 -5 -4 1 9 15.333
4 -2 2 -2 -5 -4 1 9 15.351
4 -2 2 -2 -5 -4 1 9 15.37
4 -2 2 -2 -5 -4 1 9 15.39
4 -2 2 -2 -5 -4 1 9 15.408
4 -2 2 -2 -5 -4 1 9 15.427
4 -2 2 -2 -5 -4 1 9 15.445
4 -2 2 -2 -5 -4 1 9 15.464
4 -2 2 -2 -5 -4 1 9 15.483
4 -2 2 -2 -5 -4 1 9 15.507
4 -2 2 -2 -5 -4 1 9 15.529
4 -2 2 -2 -5 -4 1 9 15.548
4 -2 2 -2 -5 -4 1 9 15.565
4 -2 2 -2 -5 -4 1 9 15.585
4 -2 2 -2 -5 -4 1 9 15.604
4 -2 2 -2 -5 -4 1 9 15.623
4 -2 2 -2 -5 -4 1 9 15.641
4 -2 2 -2 -5 -4 1 9 15.661
4 -2 2 -2 -5 -4 1 9 15.68
4 -2 2 -2 -5 -4 1 9 15.698
4 -2 2 -2 -5 -4 1 9 15.715
4 -2 2 -2 -5 -4 1 9 15.733
4 -2 2 -2 -5 -4 1 9 15.756
4 -2 2 -2 -5 -4 1 9 15.775
4 -2 2 -2 -5 -4 1 9 15.794
4 -2 2 -2 -5 -4 1 9 15.813
4 -2 2 -2 -5 -4 1 9 15.831
4 -2 2 -2 -5 -4 1 9 15.85
4 -2 2 -2 -5 -4 1 9 15.869
4 -2 2 -2 -5 -4 1 9 15.887
4 -2 2 -2 -5 -4 1 9 15.906
4 -2 2 -2 -5 -4 1 9 15.926
4 -2 2 -2 -5 -4 1 9 15.944
4 -2 2 -2 -5 -4 1 9 15.962
4 -2 2 -2 -5 -4 1 9 15.981
4 -2 2 -2 -5 -4 1 9 15.999
4 -2 2 -2 -5 -4 1 9 16.017
4 -2 2 -2 -5 -4 1 9 16.035
4 -2 2 -2 -5 -4 1 9 16.054
4 -2 2 -2 -5 -4 1 9 16.072
4 -2 2 -2 -5 -4 1 9 16.09
4 -2 2 -2 -5 -4 1 9 16.108
4 -2 2 -2 -5 -4 1 9 16.127
4 -2 2 -2 -5 -4 1 9 16.145
4 -2 2 -2 -5 -4 1 9 16.167
4 -2 2 -2 -5 -4 1 9 16.189
4 -2 2 -2 -5 -4 1 9 16.207
4 -2 2 -2 -5 -4 1 9 16.225
4 -2 2 -2 -5 -4 1 9 16.244
4 -2 2 -2 -5 -4 1 9 16.262
4 -2 2 -2 -5 -4 1 9 16.28
4 -2 2 -2 -5 -4 1 9 16.299
4 -2 2 -2 -5 -4 1 9 16.317
4 -2 2 -2 -5 -4 1 9 16.336
4 -2 2 -2 -5 -4 1 9 16.355
4 -2 2 -2 -5 -4 1 9 16.373
4 -2 2 -2 -5 -4 1 9 16.392
4 -2 2 -2 -5 -4 1 9 16.41
4 -2 2 -2 -5 -4 1 9 16.43
4 -2 2 -2 -5 -4 1 9 16.448
4 -2 2 -2 -5 -4 1 9 16.467
4 -2 2 -2 -5 -4 1 9 16.485
4 -2 2 -2 -5 -4 1 9 16.504
4 -2 2 -2 -5 -4 1 9 16.522
4 -2 2 -2 -5 -4 1 9 16.541
4 -2 2 -2 -5 -4 1 9 16.56
4 -2 2 -2 -5 -4 1 9 16.577
4 -2 2 -2 -5 -4 1 9 16.595
4 -2 2 -2 -5 -4 1 9 16.614
4 -2 2 -2 -5 -4 1 9 16.633
4 -2 2 -2 -5 -4 1 9 16.652
4 -2 2 -2 -5 -4 1 9 16.671
4 -2 2 -2 -5 -4 1 9 16.689
4 -2 2 -2 -5 -4 1 9 16.708
4 -2 2 -2 -5 -4 1 9 16.726
4 -2 2 -2 -5 -4 1 9 16.745
4 -2 2 -2 -5 -4 1 9 16.764
4 -2 2 -2 -5 -4 1 9 16.782
4 -2 2 -2 -5 -4 1 9 16.8
4 -2 2 -2 -5 -4 1 9 16.819
4 -2 2 -2 -5 -4 1 9 16.838
4 -2 2 -2 -5 -4 1 9 16.857
4 -2 2 -2 -5 -4 1 9 16.875
4 -2 2 -2 -5 -4 1 9 16.894
4 -2 2 -2 -5 -4 1 9 16.912
4 -2 2 -2 -5 -4 1 9 16.931
4 -2 2 -2 -5 -4 1 9 16.949
4 -2 2 -2 -5 -4 1 9 16.966
4 -2 2 -2 -5 -4 1 9 16.986
4 -2 2 -2 -5 -4 1 9 17.003
4 -2 2 -2 -5 -4 1 9 17.022
4 -2 2 -2 -5 -4 1 9 17.041
4 -2 2 -2 -5 -4 1 9 17.059
4 -2 2 -2 -5 -4 1 9 17.077
4 -2 2 -2 -5 -4 1 9 17.096
4 -2 2 -2 -5 -4 1 9 17.115
4 -2 2 -2 -5 -4 1 9 17.133
4 -2 2 -2 -5 -4 1 9 17.151
4 -2 2 -2 -5 -4 1 9 17.169
4 -2 2 -2 -5 -4 1 9 17.188
4 -2 2 -2 -5 -4 1 9 17.205
4 -2 2 -2 -5 -4 1 9 17.223
4 -2 2 -2 -5 -4 1 9 17.242
4 -2 2 -2 -5 -4 1 9 17.259
4 -2 2 -2 -5 -4 1 9 17.278
4 -2 2 -2 -5 -4 1 9 17.296
4 -2 2 -2 -5 -4 1 9 17.314
4 -2 2 -2 -5 -4 1 9 17.333
4 -2 2 -2 -5 -4 1 9 17.35
4 -2 2 -2 -5 -4 1 9 17.368
4 -2 2 -2 -5 -4 1 9 17.387
4 -2 2 -2 -5 -4 1 9 17.407
4 -2 2 -2 -5 -4 1 9 17.426
4 -2 2 -2 -5 -4 1 9 17.447
4 -2 2 -2 -5 -4 1 9 17.464
4 -2 2 -2 -5 -4 1 9 17.484
4 -2 2 -2 -5 -4 1 9 17.502
4 -2 2 -2 -5 -4 1 9 17.521
4 -2 2 -2 -5 -4 1 9 17.541
4 -2 2 -2 -5 -4 1 9 17.558
4 -2 2 -2 -5 -4 1 9 17.578
4 -2 2 -2 -5 -4 1 9 17.597
4 -2 2 -2 -5 -4 1 9 17.614
4 -2 2 -2 -5 -4 1 9 17.633
4 -2 2 -2 -5 -4 1 9 17.653
4 -2 2 -2 -5 -4 1 9 17.672
4 -2 2 -2 -5 -4 1 9 17.69
4 -2 2 -2 -5 -4 1 9 17.71
4 -2 2 -2 -5 -4 1 9 17.729
4 -2 2 -2 -5 -4 1 9 17.748
4 -2 2 -2 -5 -4 1 9 17.767
4 -2 2 -2 -5 -4 1 9 17.786
4 -2 2 -2 -5 -4 1 9 17.803
4 -2 2 -2 -5 -4 1 9 17.821
4 -2 2 -2 -5 -4 1 9 17.845
4 -2 2 -2 -5 -4 1 9 17.865
4 -2 2 -2 -5 -4 1 9 17.884
4 -2 2 -2 -5 -4 1 9 17.903
4 -2 2 -2 -5 -4 1 9 17.921
4 -2 2 -2 -5 -4 1 9 17.94
4 -2 2 -2 -5 -4 1 9 17.959
4 -2 2 -2 -5 -4 1 9 17.977
4 -2 2 -2 -5 -4 1 9 17.996
4 -2 2 -2 -5 -4 1 9 18.014
4 -2 2 -2 -5 -4 1 9 18.033
4 -2 2 -2 -5 -4 1 9 18.057
4 -2 2 -2 -5 -4 1 9 18.08
4 -2 2 -2 -5 -4 1 9 18.103
4 -2 2 -2 -5 -4 1 9 18.123
4 -2 2 -2 -5 -4 1 9 18.142
4 -2 2 -2 -5 -4 1 9 18.161
4 -2 2 -2 -5 -4 1 9 18.18
4 -2 2 -2 -5 -4 1 9 18.198
4 -2 2 -2 -5 -4 1 9 18.217
4 -2 2 -2 -5 -4 1 9 18.237
4 -2 2 -2 -5 -4 1 9 18.256
4 -2 2 -2 -5 -4 1 9 18.276
4 -2 2 -2 -5 -4 1 9 18.293
4 -2 2 -2 -5 -4 1 9 18.311
4 -2 2 -2 -5 -4 1 9 18.328
4 -2 2 -2 -5 -4 1 9 18.347
4 -2 2 -2 -5 -4 1 9 18.366
4 -2 2 -2 -5 -4 1 9 18.384
4 -2 2 -2 -5 -4 1 9 18.401
4 -2 2 -2 -5 -4 1 9 18.42
4 -2 2 -2 -5 -4 1 9 18.439
4 -2 2 -2 -5 -4 1 9 18.457
4 -2 2 -2 -5 -4 1 9 18.476
4 -2 2 -2 -5 -4 1 9 18.494
4 -2 2 -2 -5 -4 1 9 18.513
4 -2 2 -2 -5 -4 1 9 18.532
4 -2 2 -2 -5 -4 1 9 18.55
4 -2 2 -2 -5 -4 1 9 18.568
4 -2 2 -2 -5 -4 1 9 18.587
4 -2 2 -2 -5 -4 1 9 18.607
4 -2 2 -2 -5 -4 1 9 18.625
4 -2 2 -2 -5 -4 1 9 18.642
4 -2 2 -2 -5 -4 1 9 18.66
4 -2 2 -2 -5 -4 1 9 18.679
4 -2 2 -2 -5 -4 1 9 18.696
4 -2 2 -2 -5 -4 1 9 18.714
4 -2 2 -2 -5 -4 1 9 18.732
4 -2 2 -2 -5 -4 1 9 18.751
4 -2 2 -2 -5 -4 1 9 18.77
4 -2 2 -2 -5 -4 1 9 18.788
4 -2 2 -2 -5 -4 1 9 18.806
4 -2 2 -2 -5 -4 1 9 18.824
4 -2 2 -2 -5 -4 1 9 18.842
4 -2 2 -2 -5 -4 1 9 18.862
4 -2 2 -2 -5 -4 1 9 18.881
4 -2 2 -2 -5 -4 1 9 18.9
4 -2 2 -2 -5 -4 1 9 18.92
4 -2 2 -2 -5 -4 1 9 18.938
4 -2 2 -2 -5 -4 1 9 18.957
4 -2 2 -2 -5 -4 1 9 18.975
4 -2 2 -2 -5 -4 1 9 18.996
4 -2 2 -2 -5 -4 1 9 19.015
4 -2 2 -2 -5 -4 1 9 19.033
4 -2 2 -2 -5 -4 1 9 19.052
4 -2 2 -2 -5 -4 1 9 19.071
4 -2 2 -2 -5 -4 1 9 19.09
4 -2 2 -2 -5 -4 1 9 19.11
4 -2 2 -2 -5 -4 1 9 19.129
4 -2 2 -2 -5 -4 1 9 19.148
4 -2 2 -2 -5 -4 1 9 19.168
4 -2 2 -2 -5 -4 1 9 19.186
4 -2 2 -2 -5 -4 1 9 19.205
4 -2 2 -2 -5 -4 1 9 19.222
4 -2 2 -2 -5 -4 1 9 19.239
4 -2 2 -2 -5 -4 1 9 19.257
4 -2 2 -2 -5 -4 1 9 19.275
4 -2 2 -2 -5 -4 1 9 19.295
4 -2 2 -2 -5 -4 1 9 19.314
4 -2 2 -2 -5 -4 1 9 19.332
4 -2 2 -2 -5 -4 1 9 19.351
4 -2 2 -2 -5 -4 1 9 19.369
4 -2 2 -2 -5 -4 1 9 19.388
4 -2 2 -2 -5 -4 1 9 19.407
4 -2 2 -2 -5 -4 1 9 19.427
4 -2 2 -2 -5 -4 1 9 19.446
4 -2 2 -2 -5 -4 1 9 19.463
4 -2 2 -2 -5 -4 1 9 19.484
4 -2 2 -2 -5 -4 1 9 19.505
4 -2 2 -2 -5 -4 1 9 19.524
4 -2 2 -2 -5 -4 1 9 19.542
4 -2 2 -2 -5 -4 1 9 19.562
4 -2 2 -2 -5 -4 1 9 19.581
4 -2 2 -2 -5 -4 1 9 19.601
4 -2 2 -2 -5 -4 1 9 19.619
4 -2 2 -2 -5 -4 1 9 19.638
4 -2 2 -2 -5 -4 1 9 19.657
4 -2 2 -2 -5 -4 1 9 19.677
4 -2 2 -2 -5 -4 1 9 19.695
4 -2 2 -2 -5 -4 1 9 19.714
4 -2 2 -2 -5 -4 1 9 19.733
4 -2 2 -2 -5 -4 1 9 19.753
4 -2 2 -2 -5 -4 1 9 19.771
4 -2 2 -2 -5 -4 1 9 19.791
4 -2 2 -2 -5 -4 1 9 19.808
4 -2 2 -2 -5 -4 1 9 19.826
4 -2 2 -2 -5 -4 1 9 19.845
4 -2 2 -2 -5 -4 1 9 19.867
4 -2 2 -2 -5 -4 1 9 19.89
4 -2 2 -2 -5 -4 1 9 19.914
4 -2 2 -2 -5 -4 1 9 19.934
4 -2 2 -2 -5 -4 1 9 19.954
4 -2 2 -2 -5 -4 1 9 19.972
4 -2 2 -2 -5 -4 1 9 19.992
4 -2 2 -2 -5 -4 1 9 20.01
4 -2 2 -2 -5 -4 1 9 20.027
4 -2 2 -2 -5 -4 1 9 20.046
4 -2 2 -2 -5 -4 1 9 20.064
4 -2 2 -2 -5 -4 1 9 20.083
4 -2 2 -2 -5 -4 1 9 20.1
4 -2 2 -2 -5 -4 1 9 20.118
4 -2 2 -2 -5 -4 1 9 20.141
4 -2 2 -2 -5 -4 1 9 20.163
4 -2 2 -2 -5 -4 1 9 20.181
4 -2 2 -2 -5 -4 1 9 20.204
4 -2 2 -2 -5 -4 1 9 20.229
4 -2 2 -2 -5 -4 1 9 20.251
4 -2 2 -2 -5 -4 1 9 20.269
4 -2 2 -2 -5 -4 1 9 20.286
4 -2 2 -2 -5 -4 1 9 20.304
4 -2 2 -2 -5 -4 1 9 20.327
4 -2 2 -2 -5 -4 1 9 20.346
4 -2 2 -2 -5 -4 1 9 20.365
4 -2 2 -2 -5 -4 1 9 20.385
4 -2 2 -2 -5 -4 1 9 20.404
4 -2 2 -2 -5 -4 1 9 20.422
4 -2 2 -2 -5 -4 1 9 20.44
4 -2 2 -2 -5 -4 1 9 20.459
4 -2 2 -2 -5 -4 1 9 20.482
4 -2 2 -2 -5 -4 1 9 20.504
4 -2 2 -2 -5 -4 1 9 20.524
4 -2 2 -2 -5 -4 1 9 20.543
4 -2 2 -2 -5 -4 1 9 20.561
4 -2 2 -2 -5 -4 1 9 20.58
4 -2 2 -2 -5 -4 1 9 20.599
4 -2 2 -2 -5 -4 1 9 20.618
4 -2 2 -2 -5 -4 1 9 20.636
4 -2 2 -2 -5 -4 1 9 20.654
4 -2 2 -2 -5 -4 1 9 20.673
4 -2 2 -2 -5 -4 1 9 20.692
4 -2 2 -2 -5 -4 1 9 20.71
4 -2 2 -2 -5 -4 1 9 20.728
4 -2 2 -2 -5 -4 1 9 20.746
4 -2 2 -2 -5 -4 1 9 20.764
4 -2 2 -2 -5 -4 1 9 20.782
4 -2 2 -2 -5 -4 1 9 20.801
4 -2 2 -2 -5 -4 1 9 20.82
4 -2 2 -2 -5 -4 1 9 20.84
4 -2 2 -2 -5 -4 1 9 20.857
4 -2 2 -2 -5 -4 1 9 20.876
4 -2 2 -2 -5 -4 1 9 20.894
4 -2 2 -2 -5 -4 1 9 20.912
4 -2 2 -2 -5 -4 1 9 20.93
4 -2 2 -2 -5 -4 1 9 20.948
4 -2 2 -2 -5 -4 1 9 20.967
4 -2 2 -2 -5 -4 1 9 20.986
4 -2 2 -2 -5 -4 1 9 21.006
4 -2 2 -2 -5 -4 1 9 21.025
4 -2 2 -2 -5 -4 1 9 21.042
4 -2 2 -2 -5 -4 1 9 21.061
4 -2 2 -2 -5 -4 1 9 21.08
4 -2 2 -2 -5 -4 1 9 21.097
4 -2 2 -2 -5 -4 1 9 21.115
4 -2 2 -2 -5 -4 1 9 21.138
4 -2 2 -2 -5 -4 1 9 21.156
4 -2 2 -2 -5 -4 1 9 21.175
4 -2 2 -2 -5 -4 1 9 21.193
4 -2 2 -2 -5 -4 1 9 21.214
4 -2 2 -2 -5 -4 1 9 21.232
4 -2 2 -2 -5 -4 1 9 21.25
4 -2 2 -2 -5 -4 1 9 21.269
4 -2 2 -2 -5 -4 1 9 21.287
4 -2 2 -2 -5 -4 1 9 21.306
4 -2 2 -2 -5 -4 1 9 21.325
4 -2 2 -2 -5 -4 1 9 21.345
4 -2 2 -2 -5 -4 1 9 21.364
4 -2 2 -2 -5 -4 1 9 21.383
4 -2 2 -2 -5 -4 1 9 21.402
4 -2 2 -2 -5 -4 1 9 21.42
4 -2 2 -2 -5 -4 1 9 21.438
4 -2 2 -2 -5 -4 1 9 21.457
4 -2 2 -2 -5 -4 1 9 21.477
4 -2 2 -2 -5 -4 1 9 21.497
4 -2 2 -2 -5 -4 1 9 21.515
4 -2 2 -2 -5 -4 1 9 21.532
4 -2 2 -2 -5 -4 1 9 21.552
4 -2 2 -2 -5 -4 1 9 21.571
4 -2 2 -2 -5 -4 1 9 21.59
4 -2 2 -2 -5 -4 1 9 21.609
4 -2 2 -2 -5 -4 1 9 21.628
4 -2 2 -2 -5 -4 1 9 21.646
4 -2 2 -2 -5 -4 1 9 21.668
4 -2 2 -2 -5 -4 1 9 21.69
4 -2 2 -2 -5 -4 1 9 21.712
4 -2 2 -2 -5 -4 1 9 21.732
4 -2 2 -2 -5 -4 1 9 21.756
4 -2 2 -2 -5 -4 1 9 21.779
4 -2 2 -2 -5 -4 1 9 21.797
4 -2 2 -2 -5 -4 1 9 21.814
4 -2 2 -2 -5 -4 1 9 21.832
4 -2 2 -2 -5 -4 1 9 21.85
4 -2 2 -2 -5 -4 1 9 21.873
4 -2 2 -2 -5 -4 1 9 21.898
4 -2 2 -2 -5 -4 1 9 21.917
4 -2 2 -2 -5 -4 1 9 21.936
4 -2 2 -2 -5 -4 1 9 21.955
4 -2 2 -2 -5 -4 1 9 21.974
4 -2 2 -2 -5 -4 1 9 21.993
4 -2 2 -2 -5 -4 1 9 22.013
4 -2 2 -2 -5 -4 1 9 22.032
4 -2 2 -2 -5 -4 1 9 22.049
4 -2 2 -2 -5 -4 1 9 22.068
4 -2 2 -2 -5 -4 1 9 22.088
4 -2 2 -2 -5 -4 1 9 22.107
4 -2 2 -2 -5 -4 1 9 22.124
4 -2 2 -2 -5 -4 1 9 22.143
4 -2 2 -2 -5 -4 1 9 22.161
4 -2 2 -2 -5 -4 1 9 22.184
4 -2 2 -2 -5 -4 1 9 22.203
4 -2 2 -2 -5 -4 1 9 22.221
4 -2 2 -2 -5 -4 1 9 22.24
4 -2 2 -2 -5 -4 1 9 22.259
4 -2 2 -2 -5 -4 1 9 22.278
4 -2 2 -2 -5 -4 1 9 22.301
4 -2 2 -2 -5 -4 1 9 22.32
4 -2 2 -2 -5 -4 1 9 22.339
4 -2 2 -2 -5 -4 1 9 22.356
4 -2 2 -2 -5 -4 1 9 22.374
4 -2 2 -2 -5 -4 1 9 22.393
4 -2 2 -2 -5 -4 1 9 22.41
4 -2 2 -2 -5 -4 1 9 22.43
4 -2 2 -2 -5 -4 1 9 22.448
4 -2 2 -2 -5 -4 1 9 22.467
4 -2 2 -2 -5 -4 1 9 22.486
4 -2 2 -2 -5 -4 1 9 22.51
4 -2 2 -2 -5 -4 1 9 22.53
4 -2 2 -2 -5 -4 1 9 22.549
4 -2 2 -2 -5 -4 1 9 22.575
4 -2 2 -2 -5 -4 1 9 22.602
4 -2 2 -2 -5 -4 1 9 22.625
4 -2 2 -2 -5 -4 1 9 22.646
4 -2 2 -2 -5 -4 1 9 22.666
4 -2 2 -2 -5 -4 1 9 22.685
4 -2 2 -2 -5 -4 1 9 22.702
4 -2 2 -2 -5 -4 1 9 22.721
4 -2 2 -2 -5 -4 1 9 22.741
4 -2 2 -2 -5 -4 1 9 22.759
4 -2 2 -2 -5 -4 1 9 22.777
4 -2 2 -2 -5 -4 1 9 22.795
4 -2 2 -2 -5 -4 1 9 22.812
4 -2 2 -2 -5 -4 1 9 22.832
4 -2 2 -2 -5 -4 1 9 22.85
4 -2 2 -2 -5 -4 1 9 22.87
4 -2 2 -2 -5 -4 1 9 22.891
4 -2 2 -2 -5 -4 1 9 22.914
4 -2 2 -2 -5 -4 1 9 22.939
4 -2 2 -2 -5 -4 1 9 22.961
4 -2 2 -2 -5 -4 1 9 22.979
4 -2 2 -2 -5 -4 1 9 22.998
4 -2 2 -2 -5 -4 1 9 23.021
4 -2 2 -2 -5 -4 1 9 23.044
4 -2 2 -2 -5 -4 1 9 23.065
4 -2 2 -2 -5 -4 1 9 23.082
4 -2 2 -2 -5 -4 1 9 23.1
4 -2 2 -2 -5 -4 1 9 23.119
4 -2 2 -2 -5 -4 1 9 23.138
4 -2 2 -2 -5 -4 1 9 23.156
4 -2 2 -2 -5 -4 1 9 23.175
4 -2 2 -2 -5 -4 1 9 23.192
4 -2 2 -2 -5 -4 1 9 23.21
4 -2 2 -2 -5 -4 1 9 23.232
4 -2 2 -2 -5 -4 1 9 23.251
4 -2 2 -2 -5 -4 1 9 23.269
4 -2 2 -2 -5 -4 1 9 23.293
4 -2 2 -2 -5 -4 1 9 23.312
4 -2 2 -2 -5 -4 1 9 23.33
4 -2 2 -2 -5 -4 1 9 23.35
4 -2 2 -2 -5 -4 1 9 23.37
4 -2 2 -2 -5 -4 1 9 23.388
4 -2 2 -2 -5 -4 1 9 23.411
4 -2 2 -2 -5 -4 1 9 23.432
4 -2 2 -2 -5 -4 1 9 23.451
4 -2 2 -2 -5 -4 1 9 23.472
4 -2 2 -2 -5 -4 1 9 23.491
4 -2 2 -2 -5 -4 1 9 23.509
4 -2 2 -2 -5 -4 1 9 23.528
4 -2 2 -2 -5 -4 1 9 23.553
4 -2 2 -2 -5 -4 1 9 23.575
4 -2 2 -2 -5 -4 1 9 23.594
4 -2 2 -2 -5 -4 1 9 23.614
4 -2 2 -2 -5 -4 1 9 23.632
4 -2 2 -2 -5 -4 1 9 23.652
4 -2 2 -2 -5 -4 1 9 23.672
4 -2 2 -2 -5 -4 1 9 23.69
4 -2 2 -2 -5 -4 1 9 23.709
4 -2 2 -2 -5 -4 1 9 23.728
4 -2 2 -2 -5 -4 1 9 23.748
4 -2 2 -2 -5 -4 1 9 23.766
4 -2 2 -2 -5 -4 1 9 23.783
4 -2 2 -2 -5 -4 1 9 23.807
4 -2 2 -2 -5 -4 1 9 23.827
4 -2 2 -2 -5 -4 1 9 23.846
4 -2 2 -2 -5 -4 1 9 23.864
4 -2 2 -2 -5 -4 1 9 23.881
4 -2 2 -2 -5 -4 1 9 23.9
4 -2 2 -2 -5 -4 1 9 23.919
4 -2 2 -2 -5 -4 1 9 23.938
4 -2 2 -2 -5 -4 1 9 23.957
4 -2 2 -2 -5 -4 1 9 23.975
4 -2 2 -2 -5 -4 1 9 23.993
4 -2 2 -2 -5 -4 1 9 24.011
4 -2 2 -2 -5 -4 1 9 24.03
4 -2 2 -2 -5 -4 1 9 24.049
4 -2 2 -2 -5 -4 1 9 24.067
4 -2 2 -2 -5 -4 1 9 24.085
4 -2 2 -2 -5 -4 1 9 24.105
4 -2 2 -2 -5 -4 1 9 24.127
4 -2 2 -2 -5 -4 1 9 24.146
4 -2 2 -2 -5 -4 1 9 24.165
4 -2 2 -2 -5 -4 1 9 24.183
4 -2 2 -2 -5 -4 1 9 24.2
4 -2 2 -2 -5 -4 1 9 24.218
4 -2 2 -2 -5 -4 1 9 24.236
4 -2 2 -2 -5 -4 1 9 24.254
4 -2 2 -2 -5 -4 1 9 24.271
4 -2 2 -2 -5 -4 1 9 24.288
4 -2 2 -2 -5 -4 1 9 24.306
4 -2 2 -2 -5 -4 1 9 24.323
4 -2 2 -2 -5 -4 1 9 24.342
4 -2 2 -2 -5 -4 1 9 24.362
4 -2 2 -2 -5 -4 1 9 24.38
4 -2 2 -2 -5 -4 1 9 24.398
4 -2 2 -2 -5 -4 1 9 24.416
4 -2 2 -2 -5 -4 1 9 24.434
4 -2 2 -2 -5 -4 1 9 24.456
4 -2 2 -2 -5 -4 1 9 24.475
4 -2 2 -2 -5 -4 1 9 24.495
4 -2 2 -2 -5 -4 1 9 24.512
4 -2 2 -2 -5 -4 1 9 24.531
4 -2 2 -2 -5 -4 1 9 24.551
4 -2 2 -2 -5 -4 1 9 24.569
4 -2 2 -2 -5 -4 1 9 24.588
4 -2 2 -2 -5 -4 1 9 24.608
4 -2 2 -2 -5 -4 1 9 24.627
4 -2 2 -2 -5 -4 1 9 24.645
4 -2 2 -2 -5 -4 1 9 24.664
4 -2 2 -2 -5 -4 1 9 24.688
4 -2 2 -2 -5 -4 1 9 24.709
4 -2 2 -2 -5 -4 1 9 24.728
4 -2 2 -2 -5 -4 1 9 24.746
4 -2 2 -2 -5 -4 1 9 24.764
4 -2 2 -2 -5 -4 1 9 24.784
4 -2 2 -2 -5 -4 1 9 24.803
4 -2 2 -2 -5 -4 1 9 24.82
4 -2 2 -2 -5 -4 1 9 24.837
4 -2 2 -2 -5 -4 1 9 24.856
4 -2 2 -2 -5 -4 1 9 24.88
4 -2 2 -2 -5 -4 1 9 24.902
4 -2 2 -2 -5 -4 1 9 24.921
4 -2 2 -2 -5 -4 1 9 24.941
4 -2 2 -2 -5 -4 1 9 24.959
4 -2 2 -2 -5 -4 1 9 24.979
4 -2 2 -2 -5 -4 1 9 24.998
4 -2 2 -2 -5 -4 1 9 25.017
4 -2 2 -2 -5 -4 1 9 25.036
4 -2 2 -2 -5 -4 1 9 25.055
4 -2 2 -2 -5 -4 1 9 25.081
4 -2 2 -2 -5 -4 1 9 25.103
4 -2 2 -2 -5 -4 1 9 25.13
4 -2 2 -2 -5 -4 1 9 25.148
4 -2 2 -2 -5 -4 1 9 25.168
4 -2 2 -2 -5 -4 1 9 25.188
4 -2 2 -2 -5 -4 1 9 25.207
4 -2 2 -2 -5 -4 1 9 25.226
4 -2 2 -2 -5 -4 1 9 25.245
4 -2 2 -2 -5 -4 1 9 25.265
4 -2 2 -2 -5 -4 1 9 25.287
4 -2 2 -2 -5 -4 1 9 25.312
4 -2 2 -2 -5 -4 1 9 25.337
4 -2 2 -2 -5 -4 1 9 25.361
4 -2 2 -2 -5 -4 1 9 25.379
4 -2 2 -2 -5 -4 1 9 25.397
4 -2 2 -2 -5 -4 1 9 25.416
4 -2 2 -2 -5 -4 1 9 25.44
4 -2 2 -2 -5 -4 1 9 25.459
4 -2 2 -2 -5 -4 1 9 25.478
4 -2 2 -2 -5 -4 1 9 25.497
4 -2 2 -2 -5 -4 1 9 25.517
4 -2 2 -2 -5 -4 1 9 25.535
4 -2 2 -2 -5 -4 1 9 25.56
4 -2 2 -2 -5 -4 1 9 25.579
4 -2 2 -2 -5 -4 1 9 25.598
4 -2 2 -2 -5 -4 1 9 25.616
4 -2 2 -2 -5 -4 1 9 25.635
4 -2 2 -2 -5 -4 1 9 25.654
4 -2 2 -2 -5 -4 1 9 25.674
4 -2 2 -2 -5 -4 1 9 25.693
4 -2 2 -2 -5 -4 1 9 25.713
4 -2 2 -2 -5 -4 1 9 25.737
4 -2 2 -2 -5 -4 1 9 25.758
4 -2 2 -2 -5 -4 1 9 25.777
4 -2 2 -2 -5 -4 1 9 25.798
4 -2 2 -2 -5 -4 1 9 25.816
4 -2 2 -2 -5 -4 1 9 25.834
4 -2 2 -2 -5 -4 1 9 25.853
4 -2 2 -2 -5 -4 1 9 25.873
4 -2 2 -2 -5 -4 1 9 25.89
4 -2 2 -2 -5 -4 1 9 25.909
4 -2 2 -2 -5 -4 1 9 25.926
4 -2 2 -2 -5 -4 1 9 25.944
4 -2 2 -2 -5 -4 1 9 25.962
4 -2 2 -2 -5 -4 1 9 25.98
4 -2 2 -2 -5 -4 1 9 25.999
4 -2 2 -2 -5 -4 1 9 26.017
4 -2 2 -2 -5 -4 1 9 26.036
4 -2 2 -2 -5 -4 1 9 26.054
4 -2 2 -2 -5 -4 1 9 26.072
4 -2 2 -2 -5 -4 1 9 26.091
4 -2 2 -2 -5 -4 1 9 26.109
4 -2 2 -2 -5 -4 1 9 26.128
4 -2 2 -2 -5 -4 1 9 26.146
4 -2 2 -2 -5 -4 1 9 26.169
4 -2 2 -2 -5 -4 1 9 26.188
4 -2 2 -2 -5 -4 1 9 26.207
4 -2 2 -2 -5 -4 1 9 26.225
4 -2 2 -2 -5 -4 1 9 26.245
4 -2 2 -2 -5 -4 1 9 26.263
4 -2 2 -2 -5 -4 1 9 26.283
4 -2 2 -2 -5 -4 1 9 26.301
4 -2 2 -2 -5 -4 1 9 26.319
4 -2 2 -2 -5 -4 1 9 26.342
4 -2 2 -2 -5 -4 1 9 26.361
4 -2 2 -2 -5 -4 1 9 26.379
4 -2 2 -2 -5 -4 1 9 26.397
4 -2 2 -2 -5 -4 1 9 26.416
4 -2 2 -2 -5 -4 1 9 26.44
4 -2 2 -2 -5 -4 1 9 26.46
4 -2 2 -2 -5 -4 1 9 26.479
4 -2 2 -2 -5 -4 1 9 26.497
4 -2 2 -2 -5 -4 1 9 26.521
4 -2 2 -2 -5 -4 1 9 26.539
4 -2 2 -2 -5 -4 1 9 26.559
4 -2 2 -2 -5 -4 1 9 26.578
4 -2 2 -2 -5 -4 1 9 26.597
4 -2 2 -2 -5 -4 1 9 26.615
4 -2 2 -2 -5 -4 1 9 26.635
4 -2 2 -2 -5 -4 1 9 26.655
4 -2 2 -2 -5 -4 1 9 26.674
4 -2 2 -2 -5 -4 1 9 26.692
4 -2 2 -2 -5 -4 1 9 26.711
4 -2 2 -2 -5 -4 1 9 26.735
4 -2 2 -2 -5 -4 1 9 26.754
4 -2 2 -2 -5 -4 1 9 26.774
4 -2 2 -2 -5 -4 1 9 26.794
4 -2 2 -2 -5 -4 1 9 26.816
4 -2 2 -2 -5 -4 1 9 26.836
4 -2 2 -2 -5 -4 1 9 26.856
4 -2 2 -2 -5 -4 1 9 26.875
4 -2 2 -2 -5 -4 1 9 26.893
4 -2 2 -2 -5 -4 1 9 26.913
4 -2 2 -2 -5 -4 1 9 26.931
4 -2 2 -2 -5 -4 1 9 26.949
4 -2 2 -2 -5 -4 1 9 26.968
4 -2 2 -2 -5 -4 1 9 26.985
4 -2 2 -2 -5 -4 1 9 27.004
4 -2 2 -2 -5 -4 1 9 27.023
4 -2 2 -2 -5 -4 1 9 27.042
4 -2 2 -2 -5 -4 1 9 27.061
4 -2 2 -2 -5 -4 1 9 27.086
4 -2 2 -2 -5 -4 1 9 27.106
4 -2 2 -2 -5 -4 1 9 27.125
4 -2 2 -2 -5 -4 1 9 27.147
4 -2 2 -2 -5 -4 1 9 27.168
4 -2 2 -2 -5 -4 1 9 27.186
4 -2 2 -2 -5 -4 1 9 27.206
4 -2 2 -2 -5 -4 1 9 27.223
4 -2 2 -2 -5 -4 1 9 27.241
4 -2 2 -2 -5 -4 1 9 27.259
4 -2 2 -2 -5 -4 1 9 27.279
4 -2 2 -2 -5 -4 1 9 27.298
4 -2 2 -2 -5 -4 1 9 27.317
4 -2 2 -2 -5 -4 1 9 27.336
4 -2 2 -2 -5 -4 1 9 27.36
4 -2 2 -2 -5 -4 1 9 27.382
4 -2 2 -2 -5 -4 1 9 27.405
4 -2 2 -2 -5 -4 1 9 27.423
4 -2 2 -2 -5 -4 1 9 27.446
4 -2 2 -2 -5 -4 1 9 27.47
4 -2 2 -2 -5 -4 1 9 27.494
4 -2 2 -2 -5 -4 1 9 27.512
4 -2 2 -2 -5 -4 1 9 27.53
4 -2 2 -2 -5 -4 1 9 27.548
4 -2 2 -2 -5 -4 1 9 27.566
4 -2 2 -2 -5 -4 1 9 27.592
4 -2 2 -2 -5 -4 1 9 27.616
4 -2 2 -2 -5 -4 1 9 27.639
4 -2 2 -2 -5 -4 1 9 27.659
4 -2 2 -2 -5 -4 1 9 27.677
4 -2 2 -2 -5 -4 1 9 27.696
4 -2 2 -2 -5 -4 1 9 27.719
4 -2 2 -2 -5 -4 1 9 27.738
4 -2 2 -2 -5 -4 1 9 27.756
4 -2 2 -2 -5 -4 1 9 27.776
4 -2 2 -2 -5 -4 1 9 27.798
4 -2 2 -2 -5 -4 1 9 27.823
4 -2 2 -2 -5 -4 1 9 27.846
4 -2 2 -2 -5 -4 1 9 27.872
4 -2 2 -2 -5 -4 1 9 27.894
4 -2 2 -2 -5 -4 1 9 27.913
4 -2 2 -2 -5 -4 1 9 27.932
4 -2 2 -2 -5 -4 1 9 27.951
4 -2 2 -2 -5 -4 1 9 27.969
4 -2 2 -2 -5 -4 1 9 27.989
4 -2 2 -2 -5 -4 1 9 28.008
4 -2 2 -2 -5 -4 1 9 28.027
4 -2 2 -2 -5 -4 1 9 28.044
4 -2 2 -2 -5 -4 1 9 28.062
4 -2 2 -2 -5 -4 1 9 28.079
4 -2 2 -2 -5 -4 1 9 28.098
4 -2 2 -2 -5 -4 1 9 28.117
4 -2 2 -2 -5 -4 1 9 28.134
4 -2 2 -2 -5 -4 1 9 28.152
4 -2 2 -2 -5 -4 1 9 28.172
4 -2 2 -2 -5 -4 1 9 28.19
4 -2 2 -2 -5 -4 1 9 28.209
4 -2 2 -2 -5 -4 1 9 28.233
4 -2 2 -2 -5 -4 1 9 28.258
4 -2 2 -2 -5 -4 1 9 28.281
4 -2 2 -2 -5 -4 1 9 28.307
4 -2 2 -2 -5 -4 1 9 28.33
4 -2 2 -2 -5 -4 1 9 28.349
4 -2 2 -2 -5 -4 1 9 28.367
4 -2 2 -2 -5 -4 1 9 28.385
4 -2 2 -2 -5 -4 1 9 28.404
4 -2 2 -2 -5 -4 1 9 28.428
4 -2 2 -2 -5 -4 1 9 28.45
4 -2 2 -2 -5 -4 1 9 28.47
4 -2 2 -2 -5 -4 1 9 28.488
4 -2 2 -2 -5 -4 1 9 28.507
4 -2 2 -2 -5 -4 1 9 28.525
4 -2 2 -2 -5 -4 1 9 28.542
4 -2 2 -2 -5 -4 1 9 28.56
4 -2 2 -2 -5 -4 1 9 28.578
4 -2 2 -2 -5 -4 1 9 28.597
4 -2 2 -2 -5 -4 1 9 28.617
4 -2 2 -2 -5 -4 1 9 28.637
4 -2 2 -2 -5 -4 1 9 28.655
4 -2 2 -2 -5 -4 1 9 28.681
4 -2 2 -2 -5 -4 1 9 28.705
4 -2 2 -2 -5 -4 1 9 28.723
4 -2 2 -2 -5 -4 1 9 28.742
4 -2 2 -2 -5 -4 1 9 28.76
4 -2 2 -2 -5 -4 1 9 28.778
4 -2 2 -2 -5 -4 1 9 28.796
4 -2 2 -2 -5 -4 1 9 28.815
4 -2 2 -2 -5 -4 1 9 28.833
4 -2 2 -2 -5 -4 1 9 28.853
4 -2 2 -2 -5 -4 1 9 28.872
4 -2 2 -2 -5 -4 1 9 28.891
4 -2 2 -2 -5 -4 1 9 28.91
4 -2 2 -2 -5 -4 1 9 28.928
4 -2 2 -2 -5 -4 1 9 28.946
4 -2 2 -2 -5 -4 1 9 28.965
4 -2 2 -2 -5 -4 1 9 28.983
4 -2 2 -2 -5 -4 1 9 29.003
4 -2 2 -2 -5 -4 1 9 29.023
4 -2 2 -2 -5 -4 1 9 29.041
4 -2 2 -2 -5 -4 1 9 29.064
4 -2 2 -2 -5 -4 1 9 29.087
4 -2 2 -2 -5 -4 1 9 29.11
4 -2 2 -2 -5 -4 1 9 29.129
4 -2 2 -2 -5 -4 1 9 29.149
4 -2 2 -2 -5 -4 1 9 29.166
4 -2 2 -2 -5 -4 1 9 29.184
4 -2 2 -2 -5 -4 1 9 29.204
4 -2 2 -2 -5 -4 1 9 29.224
4 -2 2 -2 -5 -4 1 9 29.242
4 -2 2 -2 -5 -4 1 9 29.262
4 -2 2 -2 -5 -4 1 9 29.28
4 -2 2 -2 -5 -4 1 9 29.3
4 -2 2 -2 -5 -4 1 9 29.319
4 -2 2 -2 -5 -4 1 9 29.338
4 -2 2 -2 -5 -4 1 9 29.358
4 -2 2 -2 -5 -4 1 9 29.376
4 -2 2 -2 -5 -4 1 9 29.396
4 -2 2 -2 -5 -4 1 9 29.415
4 -2 2 -2 -5 -4 1 9 29.434
4 -2 2 -2 -5 -4 1 9 29.452
4 -2 2 -2 -5 -4 1 9 29.472
4 -2 2 -2 -5 -4 1 9 29.491
4 -2 2 -2 -5 -4 1 9 29.512
4 -2 2 -2 -5 -4 1 9 29.538
4 -2 2 -2 -5 -4 1 9 29.562
4 -2 2 -2 -5 -4 1 9 29.587
4 -2 2 -2 -5 -4 1 9 29.605
4 -2 2 -2 -5 -4 1 9 29.623
4 -2 2 -2 -5 -4 1 9 29.641
4 -2 2 -2 -5 -4 1 9 29.659
4 -2 2 -2 -5 -4 1 9 29.677
4 -2 2 -2 -5 -4 1 9 29.696
4 -2 2 -2 -5 -4 1 9 29.715
4 -2 2 -2 -5 -4 1 9 29.732
4 -2 2 -2 -5 -4 1 9 29.755
4 -2 2 -2 -5 -4 1 9 29.775
4 -2 2 -2 -5 -4 1 9 29.793
4 -2 2 -2 -5 -4 1 9 29.812
4 -2 2 -2 -5 -4 1 9 29.837
4 -2 2 -2 -5 -4 1 9 29.856
4 -2 2 -2 -5 -4 1 9 29.876
4 -2 2 -2 -5 -4 1 9 29.895
4 -2 2 -2 -5 -4 1 9 29.914
4 -2 2 -2 -5 -4 1 9 29.931
4 -2 2 -2 -5 -4 1 9 29.95
4 -2 2 -2 -5 -4 1 9 29.969
4 -2 2 -2 -5 -4 1 9 29.992
4 -2 2 -2 -5 -4 1 9 30.012
4 -2 2 -2 -5 -4 1 9 30.03
4 -2 2 -2 -5 -4 1 9 30.049
4 -2 2 -2 -5 -4 1 9 30.068
4 -2 2 -2 -5 -4 1 9 30.086
4 -2 2 -2 -5 -4 1 9 30.106
4 -2 2 -2 -5 -4 1 9 30.123
4 -2 2 -2 -5 -4 1 9 30.141
4 -2 2 -2 -5 -4 1 9 30.159
4 -2 2 -2 -5 -4 1 9 30.177
4 -2 2 -2 -5 -4 1 9 30.195
4 -2 2 -2 -5 -4 1 9 30.214
4 -2 2 -2 -5 -4 1 9 30.232
4 -2 2 -2 -5 -4 1 9 30.25
4 -2 2 -2 -5 -4 1 9 30.269
4 -2 2 -2 -5 -4 1 9 30.286
4 -2 2 -2 -5 -4 1 9 30.305
4 -2 2 -2 -5 -4 1 9 30.323
4 -2 2 -2 -5 -4 1 9 30.342
4 -2 2 -2 -5 -4 1 9 30.361
4 -2 2 -2 -5 -4 1 9 30.38
4 -2 2 -2 -5 -4 1 9 30.399
4 -2 2 -2 -5 -4 1 9 30.419
4 -2 2 -2 -5 -4 1 9 30.436
4 -2 2 -2 -5 -4 1 9 30.455
4 -2 2 -2 -5 -4 1 9 30.474
4 -2 2 -2 -5 -4 1 9 30.495
4 -2 2 -2 -5 -4 1 9 30.515
4 -2 2 -2 -5 -4 1 9 30.534
4 -2 2 -2 -5 -4 1 9 30.554
4 -2 2 -2 -5 -4 1 9 30.572
4 -2 2 -2 -5 -4 1 9 30.594
4 -2 2 -2 -5 -4 1 9 30.614
4 -2 2 -2 -5 -4 1 9 30.632
4 -2 2 -2 -5 -4 1 9 30.651
4 -2 2 -2 -5 -4 1 9 30.669
4 -2 2 -2 -5 -4 1 9 30.688
4 -2 2 -2 -5 -4 1 9 30.705
4 -2 2 -2 -5 -4 1 9 30.723
4 -2 2 -2 -5 -4 1 9 30.742
4 -2 2 -2 -5 -4 1 9 30.762
4 -2 2 -2 -5 -4 1 9 30.782
4 -2 2 -2 -5 -4 1 9 30.806
4 -2 2 -2 -5 -4 1 9 30.825
4 -2 2 -2 -5 -4 1 9 30.845
4 -2 2 -2 -5 -4 1 9 30.864
4 -2 2 -2 -5 -4 1 9 30.888
4 -2 2 -2 -5 -4 1 9 30.905
4 -2 2 -2 -5 -4 1 9 30.924
4 -2 2 -2 -5 -4 1 9 30.946
4 -2 2 -2 -5 -4 1 9 30.966
4 -2 2 -2 -5 -4 1 9 30.984
4 -2 2 -2 -5 -4 1 9 31.002
4 -2 2 -2 -5 -4 1 9 31.021
4 -2 2 -2 -5 -4 1 9 31.038
4 -2 2 -2 -5 -4 1 9 31.056
4 -2 2 -2 -5 -4 1 9 31.075
4 -2 2 -2 -5 -4 1 9 31.1
4 -2 2 -2 -5 -4 1 9 31.123
4 -2 2 -2 -5 -4 1 9 31.145
4 -2 2 -2 -5 -4 1 9 31.167
4 -2 2 -2 -5 -4 1 9 31.185
4 -2 2 -2 -5 -4 1 9 31.204
4 -2 2 -2 -5 -4 1 9 31.222
4 -2 2 -2 -5 -4 1 9 31.241
4 -2 2 -2 -5 -4 1 9 31.259
4 -2 2 -2 -5 -4 1 9 31.277
4 -2 2 -2 -5 -4 1 9 31.296
4 -2 2 -2 -5 -4 1 9 31.314
4 -2 2 -2 -5 -4 1 9 31.334
4 -2 2 -2 -5 -4 1 9 31.352
4 -2 2 -2 -5 -4 1 9 31.371
4 -2 2 -2 -5 -4 1 9 31.39
4 -2 2 -2 -5 -4 1 9 31.408
4 -2 2 -2 -5 -4 1 9 31.427
4 -2 2 -2 -5 -4 1 9 31.445
4 -2 2 -2 -5 -4 1 9 31.465
4 -2 2 -2 -5 -4 1 9 31.482
4 -2 2 -2 -5 -4 1 9 31.501
4 -2 2 -2 -5 -4 1 9 31.524
4 -2 2 -2 -5 -4 1 9 31.543
4 -2 2 -2 -5 -4 1 9 31.562
4 -2 2 -2 -5 -4 1 9 31.581
4 -2 2 -2 -5 -4 1 9 31.598
4 -2 2 -2 -5 -4 1 9 31.617
4 -2 2 -2 -5 -4 1 9 31.636
4 -2 2 -2 -5 -4 1 9 31.655
4 -2 2 -2 -5 -4 1 9 31.674
4 -2 2 -2 -5 -4 1 9 31.692
4 -2 2 -2 -5 -4 1 9 31.71
4 -2 2 -2 -5 -4 1 9 31.73
4 -2 2 -2 -5 -4 1 9 31.75
4 -2 2 -2 -5 -4 1 9 31.768
4 -2 2 -2 -5 -4 1 9 31.787
4 -2 2 -2 -5 -4 1 9 31.806
4 -2 2 -2 -5 -4 1 9 31.825
4 -2 2 -2 -5 -4 1 9 31.851
4 -2 2 -2 -5 -4 1 9 31.874
4 -2 2 -2 -5 -4 1 9 31.892
4 -2 2 -2 -5 -4 1 9 31.911
4 -2 2 -2 -5 -4 1 9 31.93
4 -2 2 -2 -5 -4 1 9 31.949
4 -2 2 -2 -5 -4 1 9 31.968
4 -2 2 -2 -5 -4 1 9 31.986
4 -2 2 -2 -5 -4 1 9 32.005
4 -2 2 -2 -5 -4 1 9 32.025
4 -2 2 -2 -5 -4 1 9 32.043
4 -2 2 -2 -5 -4 1 9 32.062
4 -2 2 -2 -5 -4 1 9 32.081
4 -2 2 -2 -5 -4 1 9 32.1
4 -2 2 -2 -5 -4 1 9 32.119
4 -2 2 -2 -5 -4 1 9 32.137
4 -2 2 -2 -5 -4 1 9 32.157
4 -2 2 -2 -5 -4 1 9 32.181
4 -2 2 -2 -5 -4 1 9 32.203
4 -2 2 -2 -5 -4 1 9 32.223
4 -2 2 -2 -5 -4 1 9 32.241
4 -2 2 -2 -5 -4 1 9 32.26
4 -2 2 -2 -5 -4 1 9 32.279
4 -2 2 -2 -5 -4 1 9 32.297
4 -2 2 -2 -5 -4 1 9 32.316
4 -2 2 -2 -5 -4 1 9 32.333
4 -2 2 -2 -5 -4 1 9 32.352
4 -2 2 -2 -5 -4 1 9 32.371
4 -2 2 -2 -5 -4 1 9 32.39
4 -2 2 -2 -5 -4 1 9 32.407
4 -2 2 -2 -5 -4 1 9 32.424
4 -2 2 -2 -5 -4 1 9 32.441
4 -2 2 -2 -5 -4 1 9 32.46
4 -2 2 -2 -5 -4 1 9 32.479
4 -2 2 -2 -5 -4 1 9 32.5
4 -2 2 -2 -5 -4 1 9 32.518
4 -2 2 -2 -5 -4 1 9 32.538
4 -2 2 -2 -5 -4 1 9 32.558
4 -2 2 -2 -5 -4 1 9 32.577
4 -2 2 -2 -5 -4 1 9 32.596
4 -2 2 -2 -5 -4 1 9 32.615
4 -2 2 -2 -5 -4 1 9 32.634
4 -2 2 -2 -5 -4 1 9 32.657
4 -2 2 -2 -5 -4 1 9 32.681
4 -2 2 -2 -5 -4 1 9 32.705
4 -2 2 -2 -5 -4 1 9 32.726
4 -2 2 -2 -5 -4 1 9 32.744
4 -2 2 -2 -5 -4 1 9 32.765
4 -2 2 -2 -5 -4 1 9 32.783
4 -2 2 -2 -5 -4 1 9 32.806
4 -2 2 -2 -5 -4 1 9 32.831
4 -2 2 -2 -5 -4 1 9 32.857
4 -2 2 -2 -5 -4 1 9 32.879
4 -2 2 -2 -5 -4 1 9 32.903
4 -2 2 -2 -5 -4 1 9 32.921
4 -2 2 -2 -5 -4 1 9 32.94
4 -2 2 -2 -5 -4 1 9 32.959
4 -2 2 -2 -5 -4 1 9 32.977
4 -2 2 -2 -5 -4 1 9 32.996
4 -2 2 -2 -5 -4 1 9 33.015
4 -2 2 -2 -5 -4 1 9 33.033
4 -2 2 -2 -5 -4 1 9 33.053
4 -2 2 -2 -5 -4 1 9 33.073
4 -2 2 -2 -5 -4 1 9 33.091
4 -2 2 -2 -5 -4 1 9 33.11
4 -2 2 -2 -5 -4 1 9 33.128
4 -2 2 -2 -5 -4 1 9 33.147
4 -2 2 -2 -5 -4 1 9 33.167
4 -2 2 -2 -5 -4 1 9 33.186
4 -2 2 -2 -5 -4 1 9 33.206
4 -2 2 -2 -5 -4 1 9 33.225
4 -2 2 -2 -5 -4 1 9 33.244
4 -2 2 -2 -5 -4 1 9 33.263
4 -2 2 -2 -5 -4 1 9 33.281
4 -2 2 -2 -5 -4 1 9 33.3
4 -2 2 -2 -5 -4 1 9 33.32
4 -2 2 -2 -5 -4 1 9 33.339
4 -2 2 -2 -5 -4 1 9 33.358
4 -2 2 -2 -5 -4 1 9 33.378
4 -2 2 -2 -5 -4 1 9 33.395
4 -2 2 -2 -5 -4 1 9 33.413
4 -2 2 -2 -5 -4 1 9 33.433
4 -2 2 -2 -5 -4 1 9 33.457
4 -2 2 -2 -5 -4 1 9 33.476
4 -2 2 -2 -5 -4 1 9 33.495
4 -2 2 -2 -5 -4 1 9 33.513
4 -2 2 -2 -5 -4 1 9 33.533
4 -2 2 -2 -5 -4 1 9 33.553
4 -2 2 -2 -5 -4 1 9 33.572
4 -2 2 -2 -5 -4 1 9 33.59
4 -2 2 -2 -5 -4 1 9 33.614
4 -2 2 -2 -5 -4 1 9 33.632
4 -2 2 -2 -5 -4 1 9 33.65
4 -2 2 -2 -5 -4 1 9 33.668
4 -2 2 -2 -5 -4 1 9 33.694
4 -2 2 -2 -5 -4 1 9 33.716
4 -2 2 -2 -5 -4 1 9 33.737
4 -2 2 -2 -5 -4 1 9 33.755
4 -2 2 -2 -5 -4 1 9 33.774
4 -2 2 -2 -5 -4 1 9 33.793
4 -2 2 -2 -5 -4 1 9 33.814
4 -2 2 -2 -5 -4 1 9 33.832
4 -2 2 -2 -5 -4 1 9 33.851
4 -2 2 -2 -5 -4 1 9 33.87
4 -2 2 -2 -5 -4 1 9 33.89
4 -2 2 -2 -5 -4 1 9 33.909
4 -2 2 -2 -5 -4 1 9 33.928
4 -2 2 -2 -5 -4 1 9 33.947
4 -2 2 -2 -5 -4 1 9 33.966
4 -2 2 -2 -5 -4 1 9 33.985
4 -2 2 -2 -5 -4 1 9 34.004
4 -2 2 -2 -5 -4 1 9 34.024
4 -2 2 -2 -5 -4 1 9 34.044
4 -2 2 -2 -5 -4 1 9 34.063
4 -2 2 -2 -5 -4 1 9 34.081
4 -2 2 -2 -5 -4 1 9 34.099
4 -2 2 -2 -5 -4 1 9 34.119
4 -2 2 -2 -5 -4 1 9 34.137
4 -2 2 -2 -5 -4 1 9 34.156
4 -2 2 -2 -5 -4 1 9 34.176
4 -2 2 -2 -5 -4 1 9 34.194
4 -2 2 -2 -5 -4 1 9 34.212
4 -2 2 -2 -5 -4 1 9 34.23
4 -2 2 -2 -5 -4 1 9 34.251
4 -2 2 -2 -5 -4 1 9 34.27
4 -2 2 -2 -5 -4 1 9 34.292
4 -2 2 -2 -5 -4 1 9 34.312
4 -2 2 -2 -5 -4 1 9 34.331
4 -2 2 -2 -5 -4 1 9 34.35
4 -2 2 -2 -5 -4 1 9 34.366
4 -2 2 -2 -5 -4 1 9 34.384
4 -2 2 -2 -5 -4 1 9 34.402
4 -2 2 -2 -5 -4 1 9 34.421
4 -2 2 -2 -5 -4 1 9 34.441
4 -2 2 -2 -5 -4 1 9 34.459
4 -2 2 -2 -5 -4 1 9 34.478
4 -2 2 -2 -5 -4 1 9 34.496
4 -2 2 -2 -5 -4 1 9 34.513
4 -2 2 -2 -5 -4 1 9 34.532
4 -2 2 -2 -5 -4 1 9 34.55
4 -2 2 -2 -5 -4 1 9 34.57
4 -2 2 -2 -5 -4 1 9 34.589
4 -2 2 -2 -5 -4 1 9 34.609
4 -2 2 -2 -5 -4 1 9 34.627
4 -2 2 -2 -5 -4 1 9 34.649
4 -2 2 -2 -5 -4 1 9 34.668
4 -2 2 -2 -5 -4 1 9 34.689
4 -2 2 -2 -5 -4 1 9 34.706
4 -2 2 -2 -5 -4 1 9 34.725
4 -2 2 -2 -5 -4 1 9 34.744
4 -2 2 -2 -5 -4 1 9 34.763
4 -2 2 -2 -5 -4 1 9 34.782
4 -2 2 -2 -5 -4 1 9 34.8
4 -2 2 -2 -5 -4 1 9 34.818
4 -2 2 -2 -5 -4 1 9 34.836
4 -2 2 -2 -5 -4 1 9 34.854
4 -2 2 -2 -5 -4 1 9 34.874
4 -2 2 -2 -5 -4 1 9 34.892
4 -2 2 -2 -5 -4 1 9 34.911
4 -2 2 -2 -5 -4 1 9 34.93
4 -2 2 -2 -5 -4 1 9 34.949
4 -2 2 -2 -5 -4 1 9 34.967
4 -2 2 -2 -5 -4 1 9 34.988
4 -2 2 -2 -5 -4 1 9 35.006
4 -2 2 -2 -5 -4 1 9 35.026
4 -2 2 -2 -5 -4 1 9 35.046
4 -2 2 -2 -5 -4 1 9 35.065
4 -2 2 -2 -5 -4 1 9 35.083
4 -2 2 -2 -5 -4 1 9 35.101
4 -2 2 -2 -5 -4 1 9 35.119
4 -2 2 -2 -5 -4 1 9 35.14
4 -2 2 -2 -5 -4 1 9 35.158
4 -2 2 -2 -5 -4 1 9 35.177
4 -2 2 -2 -5 -4 1 9 35.195
4 -2 2 -2 -5 -4 1 9 35.213
4 -2 2 -2 -5 -4 1 9 35.231
4 -2 2 -2 -5 -4 1 9 35.25
4 -2 2 -2 -5 -4 1 9 35.27
4 -2 2 -2 -5 -4 1 9 35.288
4 -2 2 -2 -5 -4 1 9 35.306
4 -2 2 -2 -5 -4 1 9 35.324
4 -2 2 -2 -5 -4 1 9 35.342
4 -2 2 -2 -5 -4 1 9 35.36
4 -2 2 -2 -5 -4 1 9 35.38
4 -2 2 -2 -5 -4 1 9 35.401
4 -2 2 -2 -5 -4 1 9 35.419
4 -2 2 -2 -5 -4 1 9 35.437
4 -2 2 -2 -5 -4 1 9 35.456
4 -2 2 -2 -5 -4 1 9 35.475
4 -2 2 -2 -5 -4 1 9 35.495
4 -2 2 -2 -5 -4 1 9 35.513
4 -2 2 -2 -5 -4 1 9 35.531
4 -2 2 -2 -5 -4 1 9 35.555
4 -2 2 -2 -5 -4 1 9 35.575
4 -2 2 -2 -5 -4 1 9 35.593
4 -2 2 -2 -5 -4 1 9 35.612
4 -2 2 -2 -5 -4 1 9 35.63
4 -2 2 -2 -5 -4 1 9 35.65
4 -2 2 -2 -5 -4 1 9 35.669
4 -2 2 -2 -5 -4 1 9 35.695
4 -2 2 -2 -5 -4 1 9 35.715
4 -2 2 -2 -5 -4 1 9 35.733
4 -2 2 -2 -5 -4 1 9 35.752
4 -2 2 -2 -5 -4 1 9 35.772
4 -2 2 -2 -5 -4 1 9 35.791
4 -2 2 -2 -5 -4 1 9 35.811
4 -2 2 -2 -5 -4 1 9 35.83
4 -2 2 -2 -5 -4 1 9 35.848
4 -2 2 -2 -5 -4 1 9 35.867
4 -2 2 -2 -5 -4 1 9 35.886
4 -2 2 -2 -5 -4 1 9 35.904
4 -2 2 -2 -5 -4 1 9 35.922
4 -2 2 -2 -5 -4 1 9 35.943
4 -2 2 -2 -5 -4 1 9 35.962
4 -2 2 -2 -5 -4 1 9 35.981
4 -2 2 -2 -5 -4 1 9 36
4 -2 2 -2 -5 -4 1 9 36.018
4 -2 2 -2 -5 -4 1 9 36.036
4 -2 2 -2 -5 -4 1 9 36.055
4 -2 2 -2 -5 -4 1 9 36.074
4 -2 2 -2 -5 -4 1 9 36.093
4 -2 2 -2 -5 -4 1 9 36.112
4 -2 2 -2 -5 -4 1 9 36.131
4 -2 2 -2 -5 -4 1 9 36.151
4 -2 2 -2 -5 -4 1 9 36.17
4 -2 2 -2 -5 -4 1 9 36.188
4 -2 2 -2 -5 -4 1 9 36.207
4 -2 2 -2 -5 -4 1 9 36.226
4 -2 2 -2 -5 -4 1 9 36.243
4 -2 2 -2 -5 -4 1 9 36.263
4 -2 2 -2 -5 -4 1 9 36.282
4 -2 2 -2 -5 -4 1 9 36.301
4 -2 2 -2 -5 -4 1 9 36.319
4 -2 2 -2 -5 -4 1 9 36.339
4 -2 2 -2 -5 -4 1 9 36.358
4 -2 2 -2 -5 -4 1 9 36.378
4 -2 2 -2 -5 -4 1 9 36.396
4 -2 2 -2 -5 -4 1 9 36.416
4 -2 2 -2 -5 -4 1 9 36.435
4 -2 2 -2 -5 -4 1 9 36.455
4 -2 2 -2 -5 -4 1 9 36.474
4 -2 2 -2 -5 -4 1 9 36.494
4 -2 2 -2 -5 -4 1 9 36.513
4 -2 2 -2 -5 -4 1 9 36.532
4 -2 2 -2 -5 -4 1 9 36.55
4 -2 2 -2 -5 -4 1 9 36.569
4 -2 2 -2 -5 -4 1 9 36.588
4 -2 2 -2 -5 -4 1 9 36.607
4 -2 2 -2 -5 -4 1 9 36.626
4 -2 2 -2 -5 -4 1 9 36.652
4 -2 2 -2 -5 -4 1 9 36.674
4 -2 2 -2 -5 -4 1 9 36.693
4 -2 2 -2 -5 -4 1 9 36.711
4 -2 2 -2 -5 -4 1 9 36.731
4 -2 2 -2 -5 -4 1 9 36.75
4 -2 2 -2 -5 -4 1 9 36.768
4 -2 2 -2 -5 -4 1 9 36.788
4 -2 2 -2 -5 -4 1 9 36.807
4 -2 2 -2 -5 -4 1 9 36.826
4 -2 2 -2 -5 -4 1 9 36.845
4 -2 2 -2 -5 -4 1 9 36.864
4 -2 2 -2 -5 -4 1 9 36.883
4 -2 2 -2 -5 -4 1 9 36.902
4 -2 2 -2 -5 -4 1 9 36.921
4 -2 2 -2 -5 -4 1 9 36.939
4 -2 2 -2 -5 -4 1 9 36.958
4 -2 2 -2 -5 -4 1 9 36.977
4 -2 2 -2 -5 -4 1 9 36.995
4 -2 2 -2 -5 -4 1 9 37.014
4 -2 2 -2 -5 -4 1 9 37.033
4 -2 2 -2 -5 -4 1 9 37.051
4 -2 2 -2 -5 -4 1 9 37.07
4 -2 2 -2 -5 -4 1 9 37.088
4 -2 2 -2 -5 -4 1 9 37.107
4 -2 2 -2 -5 -4 1 9 37.124
4 -2 2 -2 -5 -4 1 9 37.144
4 -2 2 -2 -5 -4 1 9 37.162
4 -2 2 -2 -5 -4 1 9 37.181
4 -2 2 -2 -5 -4 1 9 37.199
4 -2 2 -2 -5 -4 1 9 37.218
4 -2 2 -2 -5 -4 1 9 37.237
4 -2 2 -2 -5 -4 1 9 37.257
4 -2 2 -2 -5 -4 1 9 37.274
4 -2 2 -2 -5 -4 1 9 37.293
4 -2 2 -2 -5 -4 1 9 37.312
4 -2 2 -2 -5 -4 1 9 37.333
4 -2 2 -2 -5 -4 1 9 37.353
4 -2 2 -2 -5 -4 1 9 37.373
4 -2 2 -2 -5 -4 1 9 37.392
4 -2 2 -2 -5 -4 1 9 37.411
4 -2 2 -2 -5 -4 1 9 37.429
4 -2 2 -2 -5 -4 1 9 37.449
4 -2 2 -2 -5 -4 1 9 37.469
4 -2 2 -2 -5 -4 1 9 37.488
4 -2 2 -2 -5 -4 1 9 37.508
4 -2 2 -2 -5 -4 1 9 37.527
4 -2 2 -2 -5 -4 1 9 37.546
4 -2 2 -2 -5 -4 1 9 37.565
4 -2 2 -2 -5 -4 1 9 37.584
4 -2 2 -2 -5 -4 1 9 37.604
4 -2 2 -2 -5 -4 1 9 37.624
4 -2 2 -2 -5 -4 1 9 37.643
4 -2 2 -2 -5 -4 1 9 37.663
4 -2 2 -2 -5 -4 1 9 37.682
4 -2 2 -2 -5 -4 1 9 37.701
4 -2 2 -2 -5 -4 1 9 37.72
4 -2 2 -2 -5 -4 1 9 37.739
4 -2 2 -2 -5 -4 1 9 37.757
4 -2 2 -2 -5 -4 1 9 37.775
4 -2 2 -2 -5 -4 1 9 37.794
4 -2 2 -2 -5 -4 1 9 37.812
4 -2 2 -2 -5 -4 1 9 37.83
4 -2 2 -2 -5 -4 1 9 37.849
4 -2 2 -2 -5 -4 1 9 37.868
4 -2 2 -2 -5 -4 1 9 37.888
4 -2 2 -2 -5 -4 1 9 37.908
4 -2 2 -2 -5 -4 1 9 37.927
4 -2 2 -2 -5 -4 1 9 37.946
4 -2 2 -2 -5 -4 1 9 37.965
4 -2 2 -2 -5 -4 1 9 37.985
4 -2 2 -2 -5 -4 1 9 38.005
4 -2 2 -2 -5 -4 1 9 38.025
4 -2 2 -2 -5 -4 1 9 38.043
4 -2 2 -2 -5 -4 1 9 38.062
4 -2 2 -2 -5 -4 1 9 38.082
4 -2 2 -2 -5 -4 1 9 38.106
4 -2 2 -2 -5 -4 1 9 38.126
4 -2 2 -2 -5 -4 1 9 38.144
4 -2 2 -2 -5 -4 1 9 38.163
4 -2 2 -2 -5 -4 1 9 38.182
4 -2 2 -2 -5 -4 1 9 38.201
4 -2 2 -2 -5 -4 1 9 38.219
4 -2 2 -2 -5 -4 1 9 38.239
4 -2 2 -2 -5 -4 1 9 38.259
4 -2 2 -2 -5 -4 1 9 38.278
4 -2 2 -2 -5 -4 1 9 38.296
4 -2 2 -2 -5 -4 1 9 38.315
4 -2 2 -2 -5 -4 1 9 38.335
4 -2 2 -2 -5 -4 1 9 38.356
4 -2 2 -2 -5 -4 1 9 38.374
4 -2 2 -2 -5 -4 1 9 38.393
4 -2 2 -2 -5 -4 1 9 38.413
4 -2 2 -2 -5 -4 1 9 38.431
4 -2 2 -2 -5 -4 1 9 38.45
4 -2 2 -2 -5 -4 1 9 38.468
4 -2 2 -2 -5 -4 1 9 38.487
4 -2 2 -2 -5 -4 1 9 38.505
4 -2 2 -2 -5 -4 1 9 38.523
4 -2 2 -2 -5 -4 1 9 38.542
4 -2 2 -2 -5 -4 1 9 38.561
4 -2 2 -2 -5 -4 1 9 38.579
4 -2 2 -2 -5 -4 1 9 38.598
4 -2 2 -2 -5 -4 1 9 38.616
4 -2 2 -2 -5 -4 1 9 38.636
4 -2 2 -2 -5 -4 1 9 38.655
4 -2 2 -2 -5 -4 1 9 38.673
4 -2 2 -2 -5 -4 1 9 38.694
4 -2 2 -2 -5 -4 1 9 38.714
4 -2 2 -2 -5 -4 1 9 38.732
4 -2 2 -2 -5 -4 1 9 38.751
4 -2 2 -2 -5 -4 1 9 38.77
4 -2 2 -2 -5 -4 1 9 38.792
4 -2 2 -2 -5 -4 1 9 38.81
4 -2 2 -2 -5 -4 1 9 38.832
4 -2 2 -2 -5 -4 1 9 38.852
4 -2 2 -2 -5 -4 1 9 38.87
4 -2 2 -2 -5 -4 1 9 38.889
4 -2 2 -2 -5 -4 1 9 38.907
4 -2 2 -2 -5 -4 1 9 38.927
4 -2 2 -2 -5 -4 1 9 38.946
4 -2 2 -2 -5 -4 1 9 38.966
4 -2 2 -2 -5 -4 1 9 38.985
4 -2 2 -2 -5 -4 1 9 39.005
4 -2 2 -2 -5 -4 1 9 39.025
4 -2 2 -2 -5 -4 1 9 39.049
4 -2 2 -2 -5 -4 1 9 39.069
4 -2 2 -2 -5 -4 1 9 39.086
4 -2 2 -2 -5 -4 1 9 39.105
4 -2 2 -2 -5 -4 1 9 39.123
4 -2 2 -2 -5 -4 1 9 39.142
4 -2 2 -2 -5 -4 1 9 39.161
4 -2 2 -2 -5 -4 1 9 39.181
4 -2 2 -2 -5 -4 1 9 39.2
4 -2 2 -2 -5 -4 1 9 39.226
4 -2 2 -2 -5 -4 1 9 39.248
4 -2 2 -2 -5 -4 1 9 39.268
4 -2 2 -2 -5 -4 1 9 39.286
4 -2 2 -2 -5 -4 1 9 39.305
4 -2 2 -2 -5 -4 1 9 39.324
4 -2 2 -2 -5 -4 1 9 39.345
4 -2 2 -2 -5 -4 1 9 39.363
4 -2 2 -2 -5 -4 1 9 39.382
4 -2 2 -2 -5 -4 1 9 39.4
4 -2 2 -2 -5 -4 1 9 39.419
4 -2 2 -2 -5 -4 1 9 39.437
4 -2 2 -2 -5 -4 1 9 39.455
4 -2 2 -2 -5 -4 1 9 39.474
4 -2 2 -2 -5 -4 1 9 39.493
4 -2 2 -2 -5 -4 1 9 39.51
4 -2 2 -2 -5 -4 1 9 39.536
4 -2 2 -2 -5 -4 1 9 39.556
4 -2 2 -2 -5 -4 1 9 39.576
4 -2 2 -2 -5 -4 1 9 39.595
4 -2 2 -2 -5 -4 1 9 39.613
4 -2 2 -2 -5 -4 1 9 39.633
4 -2 2 -2 -5 -4 1 9 39.65
4 -2 2 -2 -5 -4 1 9 39.67
4 -2 2 -2 -5 -4 1 9 39.689
4 -2 2 -2 -5 -4 1 9 39.708
4 -2 2 -2 -5 -4 1 9 39.727
4 -2 2 -2 -5 -4 1 9 39.744
4 -2 2 -2 -5 -4 1 9 39.763
4 -2 2 -2 -5 -4 1 9 39.781
4 -2 2 -2 -5 -4 1 9 39.8
4 -2 2 -2 -5 -4 1 9 39.818
4 -2 2 -2 -5 -4 1 9 39.836
4 -2 2 -2 -5 -4 1 9 39.856
4 -2 2 -2 -5 -4 1 9 39.875
4 -2 2 -2 -5 -4 1 9 39.894
4 -2 2 -2 -5 -4 1 9 39.912
4 -2 2 -2 -5 -4 1 9 39.931
4 -2 2 -2 -5 -4 1 9 39.95
4 -2 2 -2 -5 -4 1 9 39.968
4 -2 2 -2 -5 -4 1 9 39.987
4 -2 2 -2 -5 -4 1 9 40.005
4 -2 2 -2 -5 -4 1 9 40.024
4 -2 2 -2 -5 -4 1 9 40.043
4 -2 2 -2 -5 -4 1 9 40.062
4 -2 2 -2 -5 -4 1 9 40.08
4 -2 2 -2 -5 -4 1 9 40.098
4 -2 2 -2 -5 -4 1 9 40.117
4 -2 2 -2 -5 -4 1 9 40.136
4 -2 2 -2 -5 -4 1 9 40.155
4 -2 2 -2 -5 -4 1 9 40.174
4 -2 2 -2 -5 -4 1 9 40.195
4 -2 2 -2 -5 -4 1 9 40.214
4 -2 2 -2 -5 -4 1 9 40.233
4 -2 2 -2 -5 -4 1 9 40.253
4 -2 2 -2 -5 -4 1 9 40.272
4 -2 2 -2 -5 -4 1 9 40.291
4 -2 2 -2 -5 -4 1 9 40.311
4 -2 2 -2 -5 -4 1 9 40.331
4 -2 2 -2 -5 -4 1 9 40.349
4 -2 2 -2 -5 -4 1 9 40.368
4 -2 2 -2 -5 -4 1 9 40.387
4 -2 2 -2 -5 -4 1 9 40.407
4 -2 2 -2 -5 -4 1 9 40.426
4 -2 2 -2 -5 -4 1 9 40.443
4 -2 2 -2 -5 -4 1 9 40.462
4 -2 2 -2 -5 -4 1 9 40.48
4 -2 2 -2 -5 -4 1 9 40.499
4 -2 2 -2 -5 -4 1 9 40.518
4 -2 2 -2 -5 -4 1 9 40.537
4 -2 2 -2 -5 -4 1 9 40.556
4 -2 2 -2 -5 -4 1 9 40.574
4 -2 2 -2 -5 -4 1 9 40.593
4 -2 2 -2 -5 -4 1 9 40.611
4 -2 2 -2 -5 -4 1 9 40.629
4 -2 2 -2 -5 -4 1 9 40.648
4 -2 2 -2 -5 -4 1 9 40.668
4 -2 2 -2 -5 -4 1 9 40.688
4 -2 2 -2 -5 -4 1 9 40.706
4 -2 2 -2 -5 -4 1 9 40.724
4 -2 2 -2 -5 -4 1 9 40.744
4 -2 2 -2 -5 -4 1 9 40.764
4 -2 2 -2 -5 -4 1 9 40.783
4 -2 2 -2 -5 -4 1 9 40.802
4 -2 2 -2 -5 -4 1 9 40.82
4 -2 2 -2 -5 -4 1 9 40.839
4 -2 2 -2 -5 -4 1 9 40.857
4 -2 2 -2 -5 -4 1 9 40.877
4 -2 2 -2 -5 -4 1 9 40.896
4 -2 2 -2 -5 -4 1 9 40.914
4 -2 2 -2 -5 -4 1 9 40.935
4 -2 2 -2 -5 -4 1 9 40.954
4 -2 2 -2 -5 -4 1 9 40.973
4 -2 2 -2 -5 -4 1 9 40.993
4 -2 2 -2 -5 -4 1 9 41.012
4 -2 2 -2 -5 -4 1 9 41.032
4 -2 2 -2 -5 -4 1 9 41.049
4 -2 2 -2 -5 -4 1 9 41.067
4 -2 2 -2 -5 -4 1 9 41.086
4 -2 2 -2 -5 -4 1 9 41.105
4 -2 2 -2 -5 -4 1 9 41.125
4 -2 2 -2 -5 -4 1 9 41.145
4 -2 2 -2 -5 -4 1 9 41.163
4 -2 2 -2 -5 -4 1 9 41.182
4 -2 2 -2 -5 -4 1 9 41.2
4 -2 2 -2 -5 -4 1 9 41.219
4 -2 2 -2 -5 -4 1 9 41.237
4 -2 2 -2 -5 -4 1 9 41.255
4 -2 2 -2 -5 -4 1 9 41.275
4 -2 2 -2 -5 -4 1 9 41.294
4 -2 2 -2 -5 -4 1 9 41.312
4 -2 2 -2 -5 -4 1 9 41.332
4 -2 2 -2 -5 -4 1 9 41.351
4 -2 2 -2 -5 -4 1 9 41.369
4 -2 2 -2 -5 -4 1 9 41.388
4 -2 2 -2 -5 -4 1 9 41.406
4 -2 2 -2 -5 -4 1 9 41.424
4 -2 2 -2 -5 -4 1 9 41.445
4 -2 2 -2 -5 -4 1 9 41.464
4 -2 2 -2 -5 -4 1 9 41.483
4 -2 2 -2 -5 -4 1 9 41.502
4 -2 2 -2 -5 -4 1 9 41.52
4 -2 2 -2 -5 -4 1 9 41.539
4 -2 2 -2 -5 -4 1 9 41.559
4 -2 2 -2 -5 -4 1 9 41.578
4 -2 2 -2 -5 -4 1 9 41.596
4 -2 2 -2 -5 -4 1 9 41.615
4 -2 2 -2 -5 -4 1 9 41.633
4 -2 2 -2 -5 -4 1 9 41.652
4 -2 2 -2 -5 -4 1 9 41.671
4 -2 2 -2 -5 -4 1 9 41.689
4 -2 2 -2 -5 -4 1 9 41.707
4 -2 2 -2 -5 -4 1 9 41.728
4 -2 2 -2 -5 -4 1 9 41.747
4 -2 2 -2 -5 -4 1 9 41.766
4 -2 2 -2 -5 -4 1 9 41.785
4 -2 2 -2 -5 -4 1 9 41.804
4 -2 2 -2 -5 -4 1 9 41.824
4 -2 2 -2 -5 -4 1 9 41.843
4 -2 2 -2 -5 -4 1 9 41.862
4 -2 2 -2 -5 -4 1 9 41.88
4 -2 2 -2 -5 -4 1 9 41.9
4 -2 2 -2 -5 -4 1 9 41.919
4 -2 2 -2 -5 -4 1 9 41.937
4 -2 2 -2 -5 -4 1 9 41.956
4 -2 2 -2 -5 -4 1 9 41.975
4 -2 2 -2 -5 -4 1 9 41.995
4 -2 2 -2 -5 -4 1 9 42.014
4 -2 2 -2 -5 -4 1 9 42.032
4 -2 2 -2 -5 -4 1 9 42.051
4 -2 2 -2 -5 -4 1 9 42.069
4 -2 2 -2 -5 -4 1 9 42.088
4 -2 2 -2 -5 -4 1 9 42.106
4 -2 2 -2 -5 -4 1 9 42.125
4 -2 2 -2 -5 -4 1 9 42.143
4 -2 2 -2 -5 -4 1 9 42.162
4 -2 2 -2 -5 -4 1 9 42.181
4 -2 2 -2 -5 -4 1 9 42.199
4 -2 2 -2 -5 -4 1 9 42.218
4 -2 2 -2 -5 -4 1 9 42.237
4 -2 2 -2 -5 -4 1 9 42.257
4 -2 2 -2 -5 -4 1 9 42.276
4 -2 2 -2 -5 -4 1 9 42.295
4 -2 2 -2 -5 -4 1 9 42.314
4 -2 2 -2 -5 -4 1 9 42.332
4 -2 2 -2 -5 -4 1 9 42.351
4 -2 2 -2 -5 -4 1 9 42.37
4 -2 2 -2 -5 -4 1 9 42.389
4 -2 2 -2 -5 -4 1 9 42.408
4 -2 2 -2 -5 -4 1 9 42.428
4 -2 2 -2 -5 -4 1 9 42.452
4 -2 2 -2 -5 -4 1 9 42.474
4 -2 2 -2 -5 -4 1 9 42.494
4 -2 2 -2 -5 -4 1 9 42.511
4 -2 2 -2 -5 -4 1 9 42.531
4 -2 2 -2 -5 -4 1 9 42.548
4 -2 2 -2 -5 -4 1 9 42.566
4 -2 2 -2 -5 -4 1 9 42.586
4 -2 2 -2 -5 -4 1 9 42.604
4 -2 2 -2 -5 -4 1 9 42.622
4 -2 2 -2 -5 -4 1 9 42.641
4 -2 2 -2 -5 -4 1 9 42.661
4 -2 2 -2 -5 -4 1 9 42.68
4 -2 2 -2 -5 -4 1 9 42.699
4 -2 2 -2 -5 -4 1 9 42.718
4 -2 2 -2 -5 -4 1 9 42.736
4 -2 2 -2 -5 -4 1 9 42.755
4 -2 2 -2 -5 -4 1 9 42.775
4 -2 2 -2 -5 -4 1 9 42.795
4 -2 2 -2 -5 -4 1 9 42.813
4 -2 2 -2 -5 -4 1 9 42.831
4 -2 2 -2 -5 -4 1 9 42.855
4 -2 2 -2 -5 -4 1 9 42.873
4 -2 2 -2 -5 -4 1 9 42.892
4 -2 2 -2 -5 -4 1 9 42.91
4 -2 2 -2 -5 -4 1 9 42.928
4 -2 2 -2 -5 -4 1 9 42.947
4 -2 2 -2 -5 -4 1 9 42.965
4 -2 2 -2 -5 -4 1 9 42.985
4 -2 2 -2 -5 -4 1 9 43.003
4 -2 2 -2 -5 -4 1 9 43.022
4 -2 2 -2 -5 -4 1 9 43.041
4 -2 2 -2 -5 -4 1 9 43.061
4 -2 2 -2 -5 -4 1 9 43.08
4 -2 2 -2 -5 -4 1 9 43.1
4 -2 2 -2 -5 -4 1 9 43.118
4 -2 2 -2 -5 -4 1 9 43.137
4 -2 2 -2 -5 -4 1 9 43.156
4 -2 2 -2 -5 -4 1 9 43.176
4 -2 2 -2 -5 -4 1 9 43.195
4 -2 2 -2 -5 -4 1 9 43.213
4 -2 2 -2 -5 -4 1 9 43.233
4 -2 2 -2 -5 -4 1 9 43.252
4 -2 2 -2 -5 -4 1 9 43.271
4 -2 2 -2 -5 -4 1 9 43.29
4 -2 2 -2 -5 -4 1 9 43.308
4 -2 2 -2 -5 -4 1 9 43.327
4 -2 2 -2 -5 -4 1 9 43.345
4 -2 2 -2 -5 -4 1 9 43.365
4 -2 2 -2 -5 -4 1 9 43.384
4 -2 2 -2 -5 -4 1 9 43.402
4 -2 2 -2 -5 -4 1 9 43.42
4 -2 2 -2 -5 -4 1 9 43.44
4 -2 2 -2 -5 -4 1 9 43.459
4 -2 2 -2 -5 -4 1 9 43.478
4 -2 2 -2 -5 -4 1 9 43.499
4 -2 2 -2 -5 -4 1 9 43.518
4 -2 2 -2 -5 -4 1 9 43.538
4 -2 2 -2 -5 -4 1 9 43.556
4 -2 2 -2 -5 -4 1 9 43.574
4 -2 2 -2 -5 -4 1 9 43.594
4 -2 2 -2 -5 -4 1 9 43.613
4 -2 2 -2 -5 -4 1 9 43.632
4 -2 2 -2 -5 -4 1 9 43.65
4 -2 2 -2 -5 -4 1 9 43.669
4 -2 2 -2 -5 -4 1 9 43.689
4 -2 2 -2 -5 -4 1 9 43.707
4 -2 2 -2 -5 -4 1 9 43.727
4 -2 2 -2 -5 -4 1 9 43.744
4 -2 2 -2 -5 -4 1 9 43.762
4 -2 2 -2 -5 -4 1 9 43.782
4 -2 2 -2 -5 -4 1 9 43.802
4 -2 2 -2 -5 -4 1 9 43.82
4 -2 2 -2 -5 -4 1 9 43.839
4 -2 2 -2 -5 -4 1 9 43.858
4 -2 2 -2 -5 -4 1 9 43.878
4 -2 2 -2 -5 -4 1 9 43.896
4 -2 2 -2 -5 -4 1 9 43.916
4 -2 2 -2 -5 -4 1 9 43.936
4 -2 2 -2 -5 -4 1 9 43.956
4 -2 2 -2 -5 -4 1 9 43.974
4 -2 2 -2 -5 -4 1 9 43.993
4 -2 2 -2 -5 -4 1 9 44.011
4 -2 2 -2 -5 -4 1 9 44.03
4 -2 2 -2 -5 -4 1 9 44.05
4 -2 2 -2 -5 -4 1 9 44.069
4 -2 2 -2 -5 -4 1 9 44.088
4 -2 2 -2 -5 -4 1 9 44.106
4 -2 2 -2 -5 -4 1 9 44.125
4 -2 2 -2 -5 -4 1 9 44.144
4 -2 2 -2 -5 -4 1 9 44.162
4 -2 2 -2 -5 -4 1 9 44.182
4 -2 2 -2 -5 -4 1 9 44.201
4 -2 2 -2 -5 -4 1 9 44.221
4 -2 2 -2 -5 -4 1 9 44.241
4 -2 2 -2 -5 -4 1 9 44.259
4 -2 2 -2 -5 -4 1 9 44.278
4 -2 2 -2 -5 -4 1 9 44.296
4 -2 2 -2 -5 -4 1 9 44.321
4 -2 2 -2 -5 -4 1 9 44.339
4 -2 2 -2 -5 -4 1 9 44.358
4 -2 2 -2 -5 -4 1 9 44.376
4 -2 2 -2 -5 -4 1 9 44.395
4 -2 2 -2 -5 -4 1 9 44.413
4 -2 2 -2 -5 -4 1 9 44.431
4 -2 2 -2 -5 -4 1 9 44.45
4 -2 2 -2 -5 -4 1 9 44.469
4 -2 2 -2 -5 -4 1 9 44.488
4 -2 2 -2 -5 -4 1 9 44.507
4 -2 2 -2 -5 -4 1 9 44.526
4 -2 2 -2 -5 -4 1 9 44.545
4 -2 2 -2 -5 -4 1 9 44.565
4 -2 2 -2 -5 -4 1 9 44.584
4 -2 2 -2 -5 -4 1 9 44.602
4 -2 2 -2 -5 -4 1 9 44.622
4 -2 2 -2 -5 -4 1 9 44.641
4 -2 2 -2 -5 -4 1 9 44.661
4 -2 2 -2 -5 -4 1 9 44.68
4 -2 2 -2 -5 -4 1 9 44.698
4 -2 2 -2 -5 -4 1 9 44.718
4 -2 2 -2 -5 -4 1 9 44.738
4 -2 2 -2 -5 -4 1 9 44.757
4 -2 2 -2 -5 -4 1 9 44.776
4 -2 2 -2 -5 -4 1 9 44.794
4 -2 2 -2 -5 -4 1 9 44.815
4 -2 2 -2 -5 -4 1 9 44.834
4 -2 2 -2 -5 -4 1 9 44.852
4 -2 2 -2 -5 -4 1 9 44.871
4 -2 2 -2 -5 -4 1 9 44.891
4 -2 2 -2 -5 -4 1 9 44.91
4 -2 2 -2 -5 -4 1 9 44.928
4 -2 2 -2 -5 -4 1 9 44.946
4 -2 2 -2 -5 -4 1 9 44.965
4 -2 2 -2 -5 -4 1 9 44.984
4 -2 2 -2 -5 -4 1 9 45.003
4 -2 2 -2 -5 -4 1 9 45.024
4 -2 2 -2 -5 -4 1 9 45.042
4 -2 2 -2 -5 -4 1 9 45.061
4 -2 2 -2 -5 -4 1 9 45.08
4 -2 2 -2 -5 -4 1 9 45.099
4 -2 2 -2 -5 -4 1 9 45.116
4 -2 2 -2 -5 -4 1 9 45.134
4 -2 2 -2 -5 -4 1 9 45.158
4 -2 2 -2 -5 -4 1 9 45.177
4 -2 2 -2 -5 -4 1 9 45.196
4 -2 2 -2 -5 -4 1 9 45.215
4 -2 2 -2 -5 -4 1 9 45.234
4 -2 2 -2 -5 -4 1 9 45.254
4 -2 2 -2 -5 -4 1 9 45.272
4 -2 2 -2 -5 -4 1 9 45.29
4 -2 2 -2 -5 -4 1 9 45.309
4 -2 2 -2 -5 -4 1 9 45.332
4 -2 2 -2 -5 -4 1 9 45.352
4 -2 2 -2 -5 -4 1 9 45.37
4 -2 2 -2 -5 -4 1 9 45.389
4 -2 2 -2 -5 -4 1 9 45.408
4 -2 2 -2 -5 -4 1 9 45.426
4 -2 2 -2 -5 -4 1 9 45.444
4 -2 2 -2 -5 -4 1 9 45.461
4 -2 2 -2 -5 -4 1 9 45.479
4 -2 2 -2 -5 -4 1 9 45.498
4 -2 2 -2 -5 -4 1 9 45.517
4 -2 2 -2 -5 -4 1 9 45.535
4 -2 2 -2 -5 -4 1 9 45.554
4 -2 2 -2 -5 -4 1 9 45.573
4 -2 2 -2 -5 -4 1 9 45.591
4 -2 2 -2 -5 -4 1 9 45.61
4 -2 2 -2 -5 -4 1 9 45.629
4 -2 2 -2 -5 -4 1 9 45.648
4 -2 2 -2 -5 -4 1 9 45.668
4 -2 2 -2 -5 -4 1 9 45.687
4 -2 2 -2 -5 -4 1 9 45.705
4 -2 2 -2 -5 -4 1 9 45.723
4 -2 2 -2 -5 -4 1 9 45.743
4 -2 2 -2 -5 -4 1 9 45.761
4 -2 2 -2 -5 -4 1 9 45.78
4 -2 2 -2 -5 -4 1 9 45.799
4 -2 2 -2 -5 -4 1 9 45.818
4 -2 2 -2 -5 -4 1 9 45.838
4 -2 2 -2 -5 -4 1 9 45.856
4 -2 2 -2 -5 -4 1 9 45.874
4 -2 2 -2 -5 -4 1 9 45.893
4 -2 2 -2 -5 -4 1 9 45.912
4 -2 2 -2 -5 -4 1 9 45.931
4 -2 2 -2 -5 -4 1 9 45.949
4 -2 2 -2 -5 -4 1 9 45.969
4 -2 2 -2 -5 -4 1 9 45.988
4 -2 2 -2 -5 -4 1 9 46.006
4 -2 2 -2 -5 -4 1 9 46.026
4 -2 2 -2 -5 -4 1 9 46.044
4 -2 2 -2 -5 -4 1 9 46.064
4 -2 2 -2 -5 -4 1 9 46.083
4 -2 2 -2 -5 -4 1 9 46.101
4 -2 2 -2 -5 -4 1 9 46.119
4 -2 2 -2 -5 -4 1 9 46.138
4 -2 2 -2 -5 -4 1 9 46.158
4 -2 2 -2 -5 -4 1 9 46.178
4 -2 2 -2 -5 -4 1 9 46.196
4 -2 2 -2 -5 -4 1 9 46.216
4 -2 2 -2 -5 -4 1 9 46.236
4 -2 2 -2 -5 -4 1 9 46.255
4 -2 2 -2 -5 -4 1 9 46.274
4 -2 2 -2 -5 -4 1 9 46.291
4 -2 2 -2 -5 -4 1 9 46.318
4 -2 2 -2 -5 -4 1 9 46.339
4 -2 2 -2 -5 -4 1 9 46.358
4 -2 2 -2 -5 -4 1 9 46.377
4 -2 2 -2 -5 -4 1 9 46.394
4 -2 2 -2 -5 -4 1 9 46.412
4 -2 2 -2 -5 -4 1 9 46.431
4 -2 2 -2 -5 -4 1 9 46.451
4 -2 2 -2 -5 -4 1 9 46.471
4 -2 2 -2 -5 -4 1 9 46.491
4 -2 2 -2 -5 -4 1 9 46.511
4 -2 2 -2 -5 -4 1 9 46.531
4 -2 2 -2 -5 -4 1 9 46.55
4 -2 2 -2 -5 -4 1 9 46.569
4 -2 2 -2 -5 -4 1 9 46.588
4 -2 2 -2 -5 -4 1 9 46.606
4 -2 2 -2 -5 -4 1 9 46.624
4 -2 2 -2 -5 -4 1 9 46.644
4 -2 2 -2 -5 -4 1 9 46.662
4 -2 2 -2 -5 -4 1 9 46.682
4 -2 2 -2 -5 -4 1 9 46.7
4 -2 2 -2 -5 -4 1 9 46.72
4 -2 2 -2 -5 -4 1 9 46.744
4 -2 2 -2 -5 -4 1 9 46.763
4 -2 2 -2 -5 -4 1 9 46.781
4 -2 2 -2 -5 -4 1 9 46.799
4 -2 2 -2 -5 -4 1 9 46.819
4 -2 2 -2 -5 -4 1 9 46.837
4 -2 2 -2 -5 -4 1 9 46.857
4 -2 2 -2 -5 -4 1 9 46.875
4 -2 2 -2 -5 -4 1 9 46.893
4 -2 2 -2 -5 -4 1 9 46.911
4 -2 2 -2 -5 -4 1 9 46.93
4 -2 2 -2 -5 -4 1 9 46.948
4 -2 2 -2 -5 -4 1 9 46.972
4 -2 2 -2 -5 -4 1 9 46.991
4 -2 2 -2 -5 -4 1 9 47.009
4 -2 2 -2 -5 -4 1 9 47.029
4 -2 2 -2 -5 -4 1 9 47.049
4 -2 2 -2 -5 -4 1 9 47.069
4 -2 2 -2 -5 -4 1 9 47.087
4 -2 2 -2 -5 -4 1 9 47.107
4 -2 2 -2 -5 -4 1 9 47.127
4 -2 2 -2 -5 -4 1 9 47.145
4 -2 2 -2 -5 -4 1 9 47.164
4 -2 2 -2 -5 -4 1 9 47.183
4 -2 2 -2 -5 -4 1 9 47.201
4 -2 2 -2 -5 -4 1 9 47.22
4 -2 2 -2 -5 -4 1 9 47.238
4 -2 2 -2 -5 -4 1 9 47.257
4 -2 2 -2 -5 -4 1 9 47.275
4 -2 2 -2 -5 -4 1 9 47.295
4 -2 2 -2 -5 -4 1 9 47.314
4 -2 2 -2 -5 -4 1 9 47.334
4 -2 2 -2 -5 -4 1 9 47.352
4 -2 2 -2 -5 -4 1 9 47.371
4 -2 2 -2 -5 -4 1 9 47.391
4 -2 2 -2 -5 -4 1 9 47.41
4 -2 2 -2 -5 -4 1 9 47.427
4 -2 2 -2 -5 -4 1 9 47.445
4 -2 2 -2 -5 -4 1 9 47.465
4 -2 2 -2 -5 -4 1 9 47.483
4 -2 2 -2 -5 -4 1 9 47.503
4 -2 2 -2 -5 -4 1 9 47.522
4 -2 2 -2 -5 -4 1 9 47.541
4 -2 2 -2 -5 -4 1 9 47.56
4 -2 2 -2 -5 -4 1 9 47.579
4 -2 2 -2 -5 -4 1 9 47.597
4 -2 2 -2 -5 -4 1 9 47.617
4 -2 2 -2 -5 -4 1 9 47.636
4 -2 2 -2 -5 -4 1 9 47.654
4 -2 2 -2 -5 -4 1 9 47.673
4 -2 2 -2 -5 -4 1 9 47.693
4 -2 2 -2 -5 -4 1 9 47.713
4 -2 2 -2 -5 -4 1 9 47.732
4 -2 2 -2 -5 -4 1 9 47.751
4 -2 2 -2 -5 -4 1 9 47.771
4 -2 2 -2 -5 -4 1 9 47.791
4 -2 2 -2 -5 -4 1 9 47.81
4 -2 2 -2 -5 -4 1 9 47.829
4 -2 2 -2 -5 -4 1 9 47.847
4 -2 2 -2 -5 -4 1 9 47.867
4 -2 2 -2 -5 -4 1 9 47.886
4 -2 2 -2 -5 -4 1 9 47.905
4 -2 2 -2 -5 -4 1 9 47.923
4 -2 2 -2 -5 -4 1 9 47.941
4 -2 2 -2 -5 -4 1 9 47.96
4 -2 2 -2 -5 -4 1 9 47.977
4 -2 2 -2 -5 -4 1 9 47.996
4 -2 2 -2 -5 -4 1 9 48.015
4 -2 2 -2 -5 -4 1 9 48.033
4 -2 2 -2 -5 -4 1 9 48.053
4 -2 2 -2 -5 -4 1 9 48.072
4 -2 2 -2 -5 -4 1 9 48.09
4 -2 2 -2 -5 -4 1 9 48.11
4 -2 2 -2 -5 -4 1 9 48.13
4 -2 2 -2 -5 -4 1 9 48.15
4 -2 2 -2 -5 -4 1 9 48.17
4 -2 2 -2 -5 -4 1 9 48.189
4 -2 2 -2 -5 -4 1 9 48.21
4 -2 2 -2 -5 -4 1 9 48.229
4 -2 2 -2 -5 -4 1 9 48.249
4 -2 2 -2 -5 -4 1 9 48.267
4 -2 2 -2 -5 -4 1 9 48.285
4 -2 2 -2 -5 -4 1 9 48.303
4 -2 2 -2 -5 -4 1 9 48.323
4 -2 2 -2 -5 -4 1 9 48.342
4 -2 2 -2 -5 -4 1 9 48.362
4 -2 2 -2 -5 -4 1 9 48.382
4 -2 2 -2 -5 -4 1 9 48.4
4 -2 2 -2 -5 -4 1 9 48.419
4 -2 2 -2 -5 -4 1 9 48.438
4 -2 2 -2 -5 -4 1 9 48.458
4 -2 2 -2 -5 -4 1 9 48.476
4 -2 2 -2 -5 -4 1 9 48.494
4 -2 2 -2 -5 -4 1 9 48.514
4 -2 2 -2 -5 -4 1 9 48.532
4 -2 2 -2 -5 -4 1 9 48.552
4 -2 2 -2 -5 -4 1 9 48.572
4 -2 2 -2 -5 -4 1 9 48.591
4 -2 2 -2 -5 -4 1 9 48.609
4 -2 2 -2 -5 -4 1 9 48.628
4 -2 2 -2 -5 -4 1 9 48.648
4 -2 2 -2 -5 -4 1 9 48.668
4 -2 2 -2 -5 -4 1 9 48.687
4 -2 2 -2 -5 -4 1 9 48.706
4 -2 2 -2 -5 -4 1 9 48.725
4 -2 2 -2 -5 -4 1 9 48.743
4 -2 2 -2 -5 -4 1 9 48.761
4 -2 2 -2 -5 -4 1 9 48.781
4 -2 2 -2 -5 -4 1 9 48.799
4 -2 2 -2 -5 -4 1 9 48.818
4 -2 2 -2 -5 -4 1 9 48.836
4 -2 2 -2 -5 -4 1 9 48.854
4 -2 2 -2 -5 -4 1 9 48.874
4 -2 2 -2 -5 -4 1 9 48.891
4 -2 2 -2 -5 -4 1 9 48.911
4 -2 2 -2 -5 -4 1 9 48.931
4 -2 2 -2 -5 -4 1 9 48.951
4 -2 2 -2 -5 -4 1 9 48.971
4 -2 2 -2 -5 -4 1 9 48.99
4 -2 2 -2 -5 -4 1 9 49.009
4 -2 2 -2 -5 -4 1 9 49.027
4 -2 2 -2 -5 -4 1 9 49.046
4 -2 2 -2 -5 -4 1 9 49.064
4 -2 2 -2 -5 -4 1 9 49.083
4 -2 2 -2 -5 -4 1 9 49.1
4 -2 2 -2 -5 -4 1 9 49.125
4 -2 2 -2 -5 -4 1 9 49.147
4 -2 2 -2 -5 -4 1 9 49.167
4 -2 2 -2 -5 -4 1 9 49.186
4 -2 2 -2 -5 -4 1 9 49.205
4 -2 2 -2 -5 -4 1 9 49.224
4 -2 2 -2 -5 -4 1 9 49.243
4 -2 2 -2 -5 -4 1 9 49.262
4 -2 2 -2 -5 -4 1 9 49.281
4 -2 2 -2 -5 -4 1 9 49.3
4 -2 2 -2 -5 -4 1 9 49.318
4 -2 2 -2 -5 -4 1 9 49.336
4 -2 2 -2 -5 -4 1 9 49.353
4 -2 2 -2 -5 -4 1 9 49.371
4 -2 2 -2 -5 -4 1 9 49.39
4 -2 2 -2 -5 -4 1 9 49.409
4 -2 2 -2 -5 -4 1 9 49.428
4 -2 2 -2 -5 -4 1 9 49.446
4 -2 2 -2 -5 -4 1 9 49.465
4 -2 2 -2 -5 -4 1 9 49.484
4 -2 2 -2 -5 -4 1 9 49.502
4 -2 2 -2 -5 -4 1 9 49.519
4 -2 2 -2 -5 -4 1 9 49.543
4 -2 2 -2 -5 -4 1 9 49.566
4 -2 2 -2 -5 -4 1 9 49.585
4 -2 2 -2 -5 -4 1 9 49.609
4 -2 2 -2 -5 -4 1 9 49.633
4 -2 2 -2 -5 -4 1 9 49.656
4 -2 2 -2 -5 -4 1 9 49.675
4 -2 2 -2 -5 -4 1 9 49.693
4 -2 2 -2 -5 -4 1 9 49.711
4 -2 2 -2 -5 -4 1 9 49.728
4 -2 2 -2 -5 -4 1 9 49.747
4 -2 2 -2 -5 -4 1 9 49.769
4 -2 2 -2 -5 -4 1 9 49.788
4 -2 2 -2 -5 -4 1 9 49.807
4 -2 2 -2 -5 -4 1 9 49.825
4 -2 2 -2 -5 -4 1 9 49.843
4 -2 2 -2 -5 -4 1 9 49.862
4 -2 2 -2 -5 -4 1 9 49.881
4 -2 2 -2 -5 -4 1 9 49.9
4 -2 2 -2 -5 -4 1 9 49.92
4 -2 2 -2 -5 -4 1 9 49.941
4 -2 2 -2 -5 -4 1 9 49.959
4 -2 2 -2 -5 -4 1 9 49.977
4 -2 2 -2 -5 -4 1 9 49.995
4 -2 2 -2 -5 -4 1 9 50.015
4 -2 2 -2 -5 -4 1 9 50.034
4 -2 2 -2 -5 -4 1 9 50.053
4 -2 2 -2 -5 -4 1 9 50.071
4 -2 2 -2 -5 -4 1 9 50.09
4 -2 2 -2 -5 -4 1 9 50.108
4 -2 2 -2 -5 -4 1 9 50.127
4 -2 2 -2 -5 -4 1 9 50.147
4 -2 2 -2 -5 -4 1 9 50.165
4 -2 2 -2 -5 -4 1 9 50.184
4 -2 2 -2 -5 -4 1 9 50.203
4 -2 2 -2 -5 -4 1 9 50.223
4 -2 2 -2 -5 -4 1 9 50.242
4 -2 2 -2 -5 -4 1 9 50.266
4 -2 2 -2 -5 -4 1 9 50.288
4 -2 2 -2 -5 -4 1 9 50.311
4 -2 2 -2 -5 -4 1 9 50.33
4 -2 2 -2 -5 -4 1 9 50.35
4 -2 2 -2 -5 -4 1 9 50.369
4 -2 2 -2 -5 -4 1 9 50.387
4 -2 2 -2 -5 -4 1 9 50.407
4 -2 2 -2 -5 -4 1 9 50.426
4 -2 2 -2 -5 -4 1 9 50.444
4 -2 2 -2 -5 -4 1 9 50.464
4 -2 2 -2 -5 -4 1 9 50.486
4 -2 2 -2 -5 -4 1 9 50.505
4 -2 2 -2 -5 -4 1 9 50.524
4 -2 2 -2 -5 -4 1 9 50.542
4 -2 2 -2 -5 -4 1 9 50.567
4 -2 2 -2 -5 -4 1 9 50.59
4 -2 2 -2 -5 -4 1 9 50.611
4 -2 2 -2 -5 -4 1 9 50.63
4 -2 2 -2 -5 -4 1 9 50.648
4 -2 2 -2 -5 -4 1 9 50.666
4 -2 2 -2 -5 -4 1 9 50.684
4 -2 2 -2 -5 -4 1 9 50.705
4 -2 2 -2 -5 -4 1 9 50.725
4 -2 2 -2 -5 -4 1 9 50.745
4 -2 2 -2 -5 -4 1 9 50.763
4 -2 2 -2 -5 -4 1 9 50.782
4 -2 2 -2 -5 -4 1 9 50.8
4 -2 2 -2 -5 -4 1 9 50.817
4 -2 2 -2 -5 -4 1 9 50.835
4 -2 2 -2 -5 -4 1 9 50.853
4 -2 2 -2 -5 -4 1 9 50.872
4 -2 2 -2 -5 -4 1 9 50.891
4 -2 2 -2 -5 -4 1 9 50.911
4 -2 2 -2 -5 -4 1 9 50.934
4 -2 2 -2 -5 -4 1 9 50.951
4 -2 2 -2 -5 -4 1 9 50.97
4 -2 2 -2 -5 -4 1 9 50.989
4 -2 2 -2 -5 -4 1 9 51.008
4 -2 2 -2 -5 -4 1 9 51.028
4 -2 2 -2 -5 -4 1 9 51.047
4 -2 2 -2 -5 -4 1 9 51.066
4 -2 2 -2 -5 -4 1 9 51.085
4 -2 2 -2 -5 -4 1 9 51.104
4 -2 2 -2 -5 -4 1 9 51.122
4 -2 2 -2 -5 -4 1 9 51.141
4 -2 2 -2 -5 -4 1 9 51.161
4 -2 2 -2 -5 -4 1 9 51.181
4 -2 2 -2 -5 -4 1 9 51.2
4 -2 2 -2 -5 -4 1 9 51.219
4 -2 2 -2 -5 -4 1 9 51.238
4 -2 2 -2 -5 -4 1 9 51.256
4 -2 2 -2 -5 -4 1 9 51.276
4 -2 2 -2 -5 -4 1 9 51.295
4 -2 2 -2 -5 -4 1 9 51.314
4 -2 2 -2 -5 -4 1 9 51.332
4 -2 2 -2 -5 -4 1 9 51.351
4 -2 2 -2 -5 -4 1 9 51.37
4 -2 2 -2 -5 -4 1 9 51.388
4 -2 2 -2 -5 -4 1 9 51.407
4 -2 2 -2 -5 -4 1 9 51.426
4 -2 2 -2 -5 -4 1 9 51.445
4 -2 2 -2 -5 -4 1 9 51.464
4 -2 2 -2 -5 -4 1 9 51.482
4 -2 2 -2 -5 -4 1 9 51.501
4 -2 2 -2 -5 -4 1 9 51.519
4 -2 2 -2 -5 -4 1 9 51.539
4 -2 2 -2 -5 -4 1 9 51.558
4 -2 2 -2 -5 -4 1 9 51.577
4 -2 2 -2 -5 -4 1 9 51.596
4 -2 2 -2 -5 -4 1 9 51.614
4 -2 2 -2 -5 -4 1 9 51.633
4 -2 2 -2 -5 -4 1 9 51.652
4 -2 2 -2 -5 -4 1 9 51.67
4 -2 2 -2 -5 -4 1 9 51.688
4 -2 2 -2 -5 -4 1 9 51.707
4 -2 2 -2 -5 -4 1 9 51.725
4 -2 2 -2 -5 -4 1 9 51.743
4 -2 2 -2 -5 -4 1 9 51.761
4 -2 2 -2 -5 -4 1 9 51.78
4 -2 2 -2 -5 -4 1 9 51.798
4 -2 2 -2 -5 -4 1 9 51.816
4 -2 2 -2 -5 -4 1 9 51.834
4 -2 2 -2 -5 -4 1 9 51.853
4 -2 2 -2 -5 -4 1 9 51.872
4 -2 2 -2 -5 -4 1 9 51.892
4 -2 2 -2 -5 -4 1 9 51.912
4 -2 2 -2 -5 -4 1 9 51.93
4 -2 2 -2 -5 -4 1 9 51.948
4 -2 2 -2 -5 -4 1 9 51.968
4 -2 2 -2 -5 -4 1 9 51.986
4 -2 2 -2 -5 -4 1 9 52.005
4 -2 2 -2 -5 -4 1 9 52.024
4 -2 2 -2 -5 -4 1 9 52.042
4 -2 2 -2 -5 -4 1 9 52.061
4 -2 2 -2 -5 -4 1 9 52.079
4 -2 2 -2 -5 -4 1 9 52.097
4 -2 2 -2 -5 -4 1 9 52.12
4 -2 2 -2 -5 -4 1 9 52.139
4 -2 2 -2 -5 -4 1 9 52.158
4 -2 2 -2 -5 -4 1 9 52.178
4 -2 2 -2 -5 -4 1 9 52.196
4 -2 2 -2 -5 -4 1 9 52.215
4 -2 2 -2 -5 -4 1 9 52.234
4 -2 2 -2 -5 -4 1 9 52.252
4 -2 2 -2 -5 -4 1 9 52.271
4 -2 2 -2 -5 -4 1 9 52.289
4 -2 2 -2 -5 -4 1 9 52.308
4 -2 2 -2 -5 -4 1 9 52.326
4 -2 2 -2 -5 -4 1 9 52.345
4 -2 2 -2 -5 -4 1 9 52.362
4 -2 2 -2 -5 -4 1 9 52.382
4 -2 2 -2 -5 -4 1 9 52.4
4 -2 2 -2 -5 -4 1 9 52.418
4 -2 2 -2 -5 -4 1 9 52.438
4 -2 2 -2 -5 -4 1 9 52.458
4 -2 2 -2 -5 -4 1 9 52.476
4 -2 2 -2 -5 -4 1 9 52.495
4 -2 2 -2 -5 -4 1 9 52.512
4 -2 2 -2 -5 -4 1 9 52.53
4 -2 2 -2 -5 -4 1 9 52.549
4 -2 2 -2 -5 -4 1 9 52.569
4 -2 2 -2 -5 -4 1 9 52.587
4 -2 2 -2 -5 -4 1 9 52.606
4 -2 2 -2 -5 -4 1 9 52.628
4 -2 2 -2 -5 -4 1 9 52.648
4 -2 2 -2 -5 -4 1 9 52.668
4 -2 2 -2 -5 -4 1 9 52.686
4 -2 2 -2 -5 -4 1 9 52.705
4 -2 2 -2 -5 -4 1 9 52.724
4 -2 2 -2 -5 -4 1 9 52.742
4 -2 2 -2 -5 -4 1 9 52.762
4 -2 2 -2 -5 -4 1 9 52.781
4 -2 2 -2 -5 -4 1 9 52.8
4 -2 2 -2 -5 -4 1 9 52.818
4 -2 2 -2 -5 -4 1 9 52.838
4 -2 2 -2 -5 -4 1 9 52.857
4 -2 2 -2 -5 -4 1 9 52.876
4 -2 2 -2 -5 -4 1 9 52.895
4 -2 2 -2 -5 -4 1 9 52.913
4 -2 2 -2 -5 -4 1 9 52.931
4 -2 2 -2 -5 -4 1 9 52.949
4 -2 2 -2 -5 -4 1 9 52.968
4 -2 2 -2 -5 -4 1 9 52.988
4 -2 2 -2 -5 -4 1 9 53.007
4 -2 2 -2 -5 -4 1 9 53.026
4 -2 2 -2 -5 -4 1 9 53.044
4 -2 2 -2 -5 -4 1 9 53.062
4 -2 2 -2 -5 -4 1 9 53.082
4 -2 2 -2 -5 -4 1 9 53.101
4 -2 2 -2 -5 -4 1 9 53.12
4 -2 2 -2 -5 -4 1 9 53.139
